0.039537160021297146 0.039526860163784656
0.5871362035911005 0.5539790997840967
0.11455156214155782 0.11430120104134966
0.580259473754052 0.5482409584450338
0.6299716410507701 0.589121842894284
0.8457293581229173 0.7484550109878244
0.058118317354872384 0.0580856047973804
0.9642432129855565 0.8216177537484842
0.5343391691453288 0.509272436093413
0.0958426430719932 0.0956959783627616
0.1445057262638808 0.14400332529921195
0.8120768214072435 0.7257175764540609
0.4857575291240275 0.4668783926569098
0.7271332450342727 0.6647306652513089
0.7493412154535645 0.6811565868239775
0.7661105351416719 0.6933376918084028
0.48207730074788135 0.4636207331033775
0.4663862099013931 0.4496613945135421
0.3540042592262518 0.3466565402319359
0.6450547272510052 0.6012421701472266
0.7508742238811146 0.682278159347448
0.254152256502967 0.2514249878259212
0.23894665189995834 0.23667933773549416
0.25473661758789246 0.25199053439522917
0.7642066651649863 0.6919644829354024
0.5110072789926466 0.489056096287776
0.7296753716424896 0.6666276951271034
0.05245578206988122 0.05243172907836589
0.5923500373373869 0.5583122264364456
0.9870601786867873 0.8344093180822271
0.8682807864332697 0.7632192134619727
0.5826481601006193 0.550237099641228
0.7557916425204011 0.6858649845827512
0.559984337276855 0.5311729275334914
0.8452004093330314 0.748104115097026
0.8450823862837146 0.7480257919902603
0.17200515697800522 0.17115825980370297
0.7805306816264239 0.7036565889054778
0.45719768416955486 0.4414353449979584
0.9769509259246724 0.8287951096140085
0.37913801147405446 0.3701198334503584
0.2658224177650793 0.2627028887038112
0.7648357127566494 0.6924184752991392
0.4753162157834879 0.45761963270379796
0.1253554107869984 0.12502736325731334
0.9146256599671119 0.7923342623250441
0.9881401524522795 0.8350040537769046
0.6750505978276556 0.6249368180035336
0.21871075201409285 0.21697126824212534
0.1635012797806813 0.16277378194139566
0.22378603806008934 0.22192283508086552
0.10320708625939712 0.10302396195012191
0.5385684373393712 0.5129076015227938
0.17583268577978373 0.17492804492446765
0.24762580621228625 0.24510287828067864
0.5814751181159453 0.5492572213099313
0.7799777842465395 0.7032636255469711
0.47215426546860595 0.454805907779184
0.27769700133056874 0.2741416082573093
0.15985639682200825 0.15917643599672043
0.16753972502354253 0.1667570299478577
0.4899758880748821 0.4706046132905369
0.824216126367931 0.7340156537135196
0.09654644286111091 0.09639652438060621
0.9158119501432335 0.7930574451119231
0.22383139549041708 0.2219670612605086
0.5211733042642438 0.49789801154100827
0.3441158374784392 0.33736448151955023
0.8723410337274714 0.7658364019140528
0.3946039492214276 0.3844426051300875
0.6547242501682138 0.6089405373397978
0.22425830903630006 0.22238330485133778
0.9175468031356958 0.794113031384822
0.13113407017432233 0.13075855978610268
0.9486189308091929 0.8126113847163122
0.608384112463597 0.5715422537557779
0.5089270177511449 0.48724052668111795
0.8143524180554866 0.727281290052317
0.11576095780104978 0.11550258660893328
0.2868262400931295 0.28290955405562207
0.8494528216512985 0.7509191642021461
0.4882008002127828 0.4690376342001735
0.789359274719283 0.7099021551507478
0.2039061837506989 0.20249612552707763
0.5574549634359465 0.5290281847104255
0.13175601753524646 0.13137514192776717
0.18933392242220515 0.1882047621280502
0.6941263516960651 0.6397141864118897
0.015798773202873706 0.01579811597885955
0.7108347051838206 0.6524665524601788
0.6182761895413679 0.5796313257571701
0.7023423426354962 0.6460074407925804
0.40121116276679203 0.3905336111959768
0.7305891084184053 0.6673085077737815
0.09037466894252932 0.09025169543813528
0.5155232136946575 0.4929901306696613
0.031232398574996156 0.031227321149229555
0.362528836736305 0.35463983462270793
0.7767986550258855 0.7009999397908551
0.26870729487497214 0.26548534259311357
