0.7162049046092271 0.3223246226969062 0.06210736327347932
0.06135566273161319 0.855046855074126 0.11024292376728456
0.1950962991927131 0.27486705938664024 0.11894112408268709
0.3998262118177004 0.3367474177795511 0.1903585107026877
0.8810331415842151 0.38028239428565014 0.2776725266658917
0.7459979108228881 0.5241447255670645 0.19289312671923153
0.1400057246058365 0.4896589572084724 0.17156290908956984
0.062296391589959255 0.3015480065660897 0.06011615324404805
0.5947125263369656 0.6746555868198059 0.4724629483373058
0.30917854484803187 0.33360626689589734 0.1404174148637081
0.12993322128413554 0.6102514491515914 0.09983264846970677
0.4833517202176463 0.6053693036245852 0.2635044725621301
0.007638860001189296 0.34562376208402945 0.16262783391925387
0.23471511316025018 0.9155708818399212 0.2358218183284576
0.2765305949353831 0.711068661610568 0.25406340671192545
0.8209715813229815 0.9556934593919267 0.7499377718891324
0.45154605843736717 0.7738785230000697 0.411754684429623
0.5855319411960503 0.5064417655182629 0.20674727441471757
0.662731770430168 0.659437011186487 0.37724918755886855
0.10340678068630704 0.23755165613221574 -0.016075791064418605
0.3597947047478123 0.023225092294110072 -0.10742351000541853
0.8587473654719177 0.22582003241805082 0.18932910137437334
0.6139499627637388 0.6076856194483495 0.47726034870642514
0.7757726245108266 0.8688604425829689 0.7014734303301008
0.4056831168517402 0.9598482490922053 0.3873825348702599
0.8835487394110673 0.5814742679844138 0.558471523327528
0.8221095805484335 0.5450050107510771 0.509776326764385
0.6635333302435232 0.5691166628415621 0.3847026944555641
0.42492852143515136 0.43062235035631913 0.11826596559776886
0.653163871247313 0.5004114724668756 0.2893070597610952
0.837727558533741 0.6629538238253128 0.44267975066482784
0.8776579857675929 0.03880279375960172 0.09018662063139629
0.8674561542572823 0.8634291823609389 0.7905845529714068
0.6207506118102296 0.3480061234120778 0.3265129457209324
0.16047106347448337 0.3408581025089511 -0.02493214228073886
0.1958659881697441 0.4394903418775896 0.09398898295304278
0.487888210008688 0.02430252825227852 0.025462107706006678
0.2738432860358929 0.7576915501618497 0.05983999079873595
0.15486692084537712 0.2330588197088339 0.13609911498238766
0.3607231304692615 0.5005282352911807 0.14084155987946698
0.8742562212943968 0.8448331850346521 0.5520753895004533
0.1586874419609806 0.9637767987885323 0.11322906568111288
0.750482767672366 0.3429549550579888 0.19073905824672455
0.38918234502402105 0.8586917532521624 0.2998109322242426
0.1570559887351204 0.1496751151049306 0.006101445430872321
0.7190821605695777 0.45334070003259586 0.2159321346724115
0.9476229238532 0.3024645767799772 0.4036362973875197
0.3232953941686937 0.07660010922939309 -0.1048637530060723
0.7257664581911155 0.9165593483634521 0.5098551545213309
0.12166733588963274 0.16110526905305556 0.09857421796917146
0.888971551680736 0.5625302834971013 0.3240085963716612
0.4666154230143651 0.7234344169269805 0.24833765837182598
0.10209207351913574 0.6088667901482322 0.144107234292287
0.45581866065026977 0.9690585812497315 0.5510617504688972
0.6434597378133473 0.15958597214396575 -0.07421056462865201
0.355256263886493 0.2034174966902793 0.15427281686105765
0.26877873086993387 0.14101826623767788 0.17874469853635316
0.4570712582447358 0.9414262834930557 0.28178294750431143
0.31736275945822534 0.05293932747880026 0.1263586917112259
0.46057386309838166 0.13979138625102228 0.06219901381070811
0.3827842511847752 0.7399836018486292 0.3820883982705534
0.14185192765801502 0.6407511574392345 0.07523087371067082
0.6418356778124579 0.5342042633095482 0.4461401550712813
0.17480601097559234 0.7737236996474499 0.16036083527833594
0.5938345249504604 0.4123574916668994 0.22796820660683062
0.6578076122772412 0.5598485535375566 0.5496500618990642
0.8388039174018354 0.27399679712677316 0.22691250631414214
0.5017424220128798 0.5962139086357875 0.47214751808188193
0.11953838639622294 0.34009936347216996 0.09758685949049106
0.31909393021037935 0.6555991702674455 0.30349224086463267
0.16249418914000502 0.0471517459550137 -0.013847151575081894
0.2561618403914956 0.5134336511888348 0.3685375633263781
0.6342994535068328 0.4731075094024545 0.2604882897655762
0.8445269564130023 0.7273416148601725 0.5280335990145654
0.862701721155731 0.5440407847368356 0.5423665529454839
0.35557830445428573 0.18622246133961862 0.13895614798276673
0.15573877669207792 0.2820280992087324 0.072192127998963
0.15545667556996823 0.7726907820189933 0.05898748254764725
0.8362133376407923 0.17716043307903173 -0.018330000150623055
0.6054070307409737 0.1737133527374255 0.12628145817012326
0.061983039743266355 0.7531709126345565 0.1326523807662213
0.17273472921727773 0.6992240039177958 0.09837769560034287
0.855796264423716 0.6570621823114723 0.5552605213459836
0.0729006567981596 0.672337038500313 0.09419928500259747
0.696013968898252 0.5582884582656128 0.3040039910431094
0.10883888395952246 0.41831060243453544 -0.1520359683410041
0.03762196753926861 0.9066904233240463 0.009412906177046817
0.849892745568503 0.23876155855854286 0.1101581800477757
0.7463525590062738 0.5289485393099203 0.32801849629171437
0.1730067098235245 0.49021955253287164 0.1185293756317802
0.8548724711878248 0.8948990808324387 0.5281756721279325
0.4591036970557508 0.4586215349922146 0.16465731563282843
0.2621360371501057 0.7761056478782802 0.1133840140001596
0.40062954575816334 0.2907477542786072 0.028435839705816757
0.9839044013315794 0.7570241586902812 0.8607525766247709
0.46513394892705595 0.8031952164013006 0.39610418180611384
0.20856606430835933 0.5998221238608793 0.0395619035838472
0.4073358880834259 0.829851285767095 0.3084461486658793
0.7267303777597766 0.033456119695193576 -0.044031778894820704
0.23184636548022286 0.6456652417229451 0.09898833007088911
