0.7162049046092271 0.3223246226969062 0.2288055205482584
0.06135566273161319 0.855046855074126 0.052437904960575904
0.1950962991927131 0.27486705938664024 0.053599847928375
0.3998262118177004 0.3367474177795511 0.13423401818268918
0.8810331415842151 0.38028239428565014 0.32880826112115835
0.7459979108228881 0.5241447255670645 0.38112318375957727
0.1400057246058365 0.4896589572084724 0.06850137060215876
0.062296391589959255 0.3015480065660897 0.01878424786082852
0.5947125263369656 0.6746555868198059 0.39054738838599096
0.30917854484803187 0.33360626689589734 0.10296111185737943
0.12993322128413554 0.6102514491515914 0.079208875171728
0.4833517202176463 0.6053693036245852 0.2884487165998596
0.007638860001189296 0.34562376208402945 0.002640168464423535
0.23471511316025018 0.9155708818399212 0.21324809130343345
0.2765305949353831 0.711068661610568 0.19536758141687127
0.8209715813229815 0.9556934593919267 0.7065401669842827
0.45154605843736717 0.7738785230000697 0.3423733931783016
0.5855319411960503 0.5064417655182629 0.29221090485762846
0.662731770430168 0.659437011186487 0.4232503492587336
0.10340678068630704 0.23755165613221574 0.024561981666442034
0.3597947047478123 0.023225092294110072 0.008356167975982902
0.8587473654719177 0.22582003241805082 0.19270920439409772
0.6139499627637388 0.6076856194483495 0.3644932547695432
0.7757726245108266 0.8688604425829689 0.6241461015770571
0.4056831168517402 0.9598482490922053 0.3796280626813811
0.8835487394110673 0.5814742679844138 0.4914560535848273
0.8221095805484335 0.5450050107510771 0.43321229806843214
0.6635333302435232 0.5691166628415621 0.36871651892134416
0.42492852143515136 0.43062235035631913 0.1819642849174998
0.653163871247313 0.5004114724668756 0.3210620500849727
0.837727558533741 0.6629538238253128 0.527261710918584
0.8776579857675929 0.03880279375960172 0.03404899934942826
0.8674561542572823 0.8634291823609389 0.6808971788309314
0.6207506118102296 0.3480061234120778 0.2143487305512825
0.16047106347448337 0.3408581025089511 0.0546705915942606
0.1958659881697441 0.4394903418775896 0.08597493955168822
0.487888210008688 0.02430252825227852 0.011856639189269826
0.2738432860358929 0.7576915501618497 0.20600315900885563
0.15486692084537712 0.2330588197088339 0.03608526580846979
0.3607231304692615 0.5005282352911807 0.17957273794430761
0.8742562212943968 0.8448331850346521 0.6732538890882317
0.1586874419609806 0.9637767987885323 0.1523437526994085
0.750482767672366 0.3429549550579888 0.2545494557933189
0.38918234502402105 0.8586917532521624 0.328001888830669
0.1570559887351204 0.1496751151049306 0.023505208235937946
0.7190821605695777 0.45334070003259586 0.32024605510231047
0.9476229238532 0.3024645767799772 0.28271400362127996
0.3232953941686937 0.07660010922939309 0.02476193133180261
0.7257664581911155 0.9165593483634521 0.617222823234394
0.12166733588963274 0.16110526905305556 0.01959999374501229
0.888971551680736 0.5625302834971013 0.47948996853543463
0.4666154230143651 0.7234344169269805 0.33119111756770536
0.10209207351913574 0.6088667901482322 0.06212045027458879
0.45581866065026977 0.9690585812497315 0.42749047309134386
0.6434597378133473 0.15958597214396575 0.10250677624078157
0.355256263886493 0.2034174966902793 0.07220245800623375
0.26877873086993387 0.14101826623767788 0.037893636010609785
0.4570712582447358 0.9414262834930557 0.41714246997673743
0.31736275945822534 0.05293932747880026 0.016800180654647317
0.46057386309838166 0.13979138625102228 0.06433978564922499
0.3827842511847752 0.7399836018486292 0.27948152052084946
0.14185192765801502 0.6407511574392345 0.09076669087326768
0.6418356778124579 0.5342042633095482 0.3361926974040621
0.17480601097559234 0.7737236996474499 0.13483957147670736
0.5938345249504604 0.4123574916668994 0.2424322569622461
0.6578076122772412 0.5598485535375566 0.3600044285365187
0.8388039174018354 0.27399679712677316 0.22781159460545217
0.5017424220128798 0.5962139086357875 0.29470406060513443
0.11953838639622294 0.34009936347216996 0.04064373081389823
0.31909393021037935 0.6555991702674455 0.20767517417312764
0.16249418914000502 0.0471517459550137 0.007661809761225528
0.2561618403914956 0.5134336511888348 0.13114325715759992
0.6342994535068328 0.4731075094024545 0.29560793842050925
0.8445269564130023 0.7273416148601725 0.5763536253594559
0.862701721155731 0.5440407847368356 0.45230214091619875
0.35557830445428573 0.18622246133961862 0.06616828821015912
0.15573877669207792 0.2820280992087324 0.043908589876690225
0.15545667556996823 0.7726907820189933 0.11983128411002557
0.8362133376407923 0.17716043307903173 0.14760263497072887
0.6054070307409737 0.1737133527374255 0.10497353113036745
0.061983039743266355 0.7531709126345565 0.04666686749959545
0.17273472921727773 0.6992240039177958 0.12048682854934445
0.855796264423716 0.6570621823114723 0.5331430897950084
0.0729006567981596 0.672337038500313 0.04899418930126503
0.696013968898252 0.5582884582656128 0.3788714830583034
0.10883888395952246 0.41831060243453544 0.045512731874495414
0.03762196753926861 0.9066904233240463 0.034104862747071814
0.849892745568503 0.23876155855854286 0.20153195548884026
0.7463525590062738 0.5289485393099203 0.38460705493525893
0.1730067098235245 0.49021955253287164 0.0847096345364114
0.8548724711878248 0.8948990808324387 0.6925547362047663
0.4591036970557508 0.4586215349922146 0.209002520618364
0.2621360371501057 0.7761056478782802 0.20204472817644528
0.40062954575816334 0.2907477542786072 0.11621891268790646
0.9839044013315794 0.7570241586902812 0.6778537478087102
0.46513394892705595 0.8031952164013006 0.3649632804898329
0.20856606430835933 0.5998221238608793 0.12477647233981565
0.4073358880834259 0.829851285767095 0.331627531270899
0.7267303777597766 0.033456119695193576 0.024311183079542074
0.23184636548022286 0.6456652417229451 0.14913668839781904
