0.9671421877925758 0.8494238497793893
0.44617143854828956 0.4324389912681705
0.5060458472054057 0.48502207785924084
0.38359659418381176 0.3740609875167193
0.012376843060310283 0.2500336058056217
0.9411669839011365 0.7612784244980738
0.5272418813913202 0.5336289255799098
0.48940797937208436 0.47629421395656607
0.16175261807444585 -0.047475050585588596
0.6567673253587022 0.7173784697531997
0.07672176005226639 0.08039171023379747
0.18834667782482672 0.11635089600200813
0.051312807438277375 0.11922741826663946
0.7285323863241921 0.718869231641025
0.6160344639733983 0.5351510272651906
0.1145135061086543 0.20440400784376755
0.8406369105573333 0.875273271494142
0.02549177016781401 0.12227344136469603
0.22068952667239172 0.01017183224043336
0.049325339347297104 0.06597186724539185
0.10551338049080261 0.19366061011405863
0.47684655753452443 0.5484642417262995
0.07925015856365336 0.13453107481461793
0.5502826127207235 0.4516391312941598
0.9629551626294098 0.8450420797148712
0.8281560618040739 0.7699416984170482
0.6504091429075952 0.47349673754953103
0.2750455312775848 0.355293215738957
0.9880775659158563 0.9488166770708525
0.0908122827198381 0.08137844933045853
0.0666291180020594 -0.04783577547631941
0.5984387198635487 0.4929678164001674
0.3852922355068996 0.3175177522932482
0.8701837928655062 0.9127341890997216
0.4053415909744891 0.5282328574771982
0.4672928626703897 0.6072253785484792
0.21244155688445587 0.15847069502296185
0.8524643961331132 0.572262503974804
0.5058582878438772 0.7109315097458375
0.2950529107396578 0.3529222125867104
0.8461723972883061 0.6990420250991016
0.6003382438663958 0.5582742272520574
0.9025766091967586 0.6679566093768721
0.8558179446320856 0.7431373181252554
0.2659172004276633 0.3345157163027323
0.7414126193600844 0.6716092320023725
0.1394414181976582 0.08047408223983651
0.7290430695657002 0.6690107522367834
0.9768043935288713 0.8349848436033583
0.3049863675797442 0.515275821086933
0.6365236690374264 0.636708242993014
0.36413613131671385 0.3479893121741302
0.838236727481353 0.8637898165033465
0.3359003333059525 0.3332058968216631
0.5261448910572295 0.6364044409462485
0.79211373047246 0.7577441347768359
0.41236284880243945 0.34363521816768083
0.220986822773654 0.03902928212839671
0.16176795500522168 0.30449535760707624
0.3156220609656467 0.25954537208647244
0.7098300660214557 0.7086754565651866
0.081256221891159 -0.13797171137056696
0.6470877389328912 0.4123675718241856
0.09036123444190036 0.27292010605591216
0.6107720658686455 0.7339077803412796
0.566275251151485 0.5169200426108905
0.6704709333820414 0.6507900311871184
0.3247546778063858 0.2737857834538973
0.5392274858571862 0.5457942536086342
0.741625268453286 0.8084436210569051
0.3328426723290149 0.26824101754794916
0.4346699533653272 0.36496524387623747
0.5436829486989024 0.47697743604716997
0.9378212732763818 0.5795608325561374
0.213311631516796 0.2544249547229349
0.9927124247507618 0.8153482098493474
0.7054176392175098 0.602159158765637
0.6356608055947196 0.6465313667637715
0.9908961876751778 0.7558120154689936
0.11947481281187222 0.23229828554385668
0.7654255207413139 0.7625582966223488
0.1586618799995837 0.2179260790602308
0.4062965072020185 0.5490050830202093
0.04775652435738165 0.07887385360739367
0.567680094115058 0.6428915557036949
0.0895091912457725 0.226456125890544
0.9084451453890816 0.7916385472826808
0.696738611558483 0.6190916895253058
0.32441263152480637 0.3495304614721212
0.8261949785319188 0.8127958969425283
0.038979272555696776 0.038354892719676875
0.09322258344605061 0.16927687155782423
0.5716013931518354 0.38089033529742233
0.07957983542130054 -0.09171769088968268
0.8464949655849792 0.7182331130209313
0.4097322503223044 0.25408332441592885
0.28461757764357776 0.4087515599694752
0.07347585000606671 0.030491209071698007
0.2965743363394596 0.3606492526570255
0.8598725965124484 0.7950919924338151
