-10.0 -6.434600863198585
-9.797979797979798 7.511223214940205
-9.595959595959595 7.427728938004886
-9.393939393939394 5.044163101051025
-9.191919191919192 4.294432941898583
-8.98989898989899 5.185664698028894
-8.787878787878787 -8.9474799878165
-8.585858585858587 -8.797038060338096
-8.383838383838384 5.842552976934396
-8.181818181818182 4.561908435813379
-7.979797979797979 -3.3590873976955287
-7.777777777777778 -3.467691614424613
-7.575757575757576 -5.1188086485368345
-7.373737373737374 4.682435961051155
-7.171717171717171 4.193959104134725
-6.96969696969697 -4.0619733593509855
-6.767676767676768 2.0914502744166796
-6.565656565656566 -5.096993033872312
-6.363636363636363 -9.664319305130524
-6.161616161616162 8.802587153342994
-5.959595959595959 -3.591208747419124
-5.757575757575758 -0.20352251780144215
-5.555555555555555 -7.875122291049719
-5.353535353535354 -2.81798463326642
-5.151515151515151 1.928029667872389
-4.94949494949495 4.016054036382686
-4.747474747474747 7.751856279450177
-4.545454545454546 -4.538744565565165
-4.343434343434343 -3.8716091912754163
-4.141414141414142 -3.9984516824586613
-3.9393939393939394 -2.3070499877642607
-3.737373737373738 -3.779407049491348
-3.5353535353535355 -6.314397116213632
-3.333333333333333 -4.774161738650713
-3.1313131313131315 1.642842965790635
-2.929292929292929 6.92452509000805
-2.7272727272727275 -7.023656729661038
-2.525252525252525 4.898642710328334
-2.3232323232323235 7.415168264433774
-2.121212121212121 -9.103868692510666
-1.9191919191919187 0.6601574964266064
-1.717171717171718 -1.4574836700913352
-1.5151515151515156 1.0745533728770518
-1.3131313131313131 -7.8779532564026304
-1.1111111111111107 -7.889069246447318
-0.9090909090909101 -6.39238458520313
-0.7070707070707076 -1.633085330674298
-0.5050505050505052 1.7306926951454482
-0.30303030303030276 -3.3099264454656634
-0.10101010101010033 0.05553514442814489
0.10101010101010033 -6.339994183922835
0.30303030303030276 -3.0676256461966522
0.5050505050505052 7.690032278867374
0.7070707070707076 0.6480457697079629
0.9090909090909083 2.317475743788794
1.1111111111111107 -7.600156037289924
1.3131313131313131 -5.05822059559236
1.5151515151515156 -5.156418852831431
1.7171717171717162 -2.146936902176373
1.9191919191919187 -1.1939007999869453
2.121212121212121 5.762971256752952
2.3232323232323235 8.514335688832638
2.525252525252524 3.270457401200911
2.7272727272727266 1.060833331016628
2.929292929292929 0.33319068926174467
3.1313131313131315 -9.528561232423503
3.333333333333334 7.202900019479625
3.5353535353535346 5.613127777808186
3.737373737373737 4.708496431329003
3.9393939393939394 4.027154351686761
4.141414141414142 -7.213375378824258
4.3434343434343425 -1.9430552100693177
4.545454545454545 -1.988260000046811
4.747474747474747 7.266277090768487
4.94949494949495 -2.52074266654118
5.1515151515151505 -9.853019430657719
5.353535353535353 -2.2621685783450136
5.555555555555555 7.429676283500402
5.757575757575758 -3.3714224027533524
5.9595959595959584 8.647012750197874
6.161616161616163 6.974213761922869
6.363636363636363 3.32362695686351
6.565656565656564 7.602427118374166
6.767676767676768 0.5333100475436119
6.969696969696969 -5.402730806421814
7.171717171717173 6.244844560720715
7.373737373737374 -2.8462139272618963
7.575757575757574 2.9145411315617604
7.777777777777779 5.705630273698452
7.979797979797979 -0.10739690923449885
8.18181818181818 3.8100786663665094
8.383838383838384 9.25066019936056
8.585858585858585 -5.370684017623657
8.787878787878789 -4.983663610179285
8.98989898989899 5.874660695243961
9.19191919191919 3.9616836769241495
9.393939393939394 -1.269425883870447
9.595959595959595 3.7789176460433627
9.7979797979798 8.882208248378085
10.0 4.079471457594508
