0.3771969598703466 0.32607519683328656 0.5121341283798027
0.4002291852738743 0.21128325457070063 0.08650866922897105
0.6178582825473992 0.3903184099284335 0.6783379557104585
0.6871281829476457 0.7641884018367106 0.8724010735388168
0.07535113754069811 0.25124118768077086 0.621885595007891
0.22116752494487235 0.6419410640877592 0.8183824147980585
0.20324824410014253 0.7818041456812735 0.8133446672367988
0.5863890412678742 0.365918806279249 0.8593400371875896
0.2167314130411434 0.48857717275556767 0.8575842241754364
0.2242525493739751 0.2839770181292878 0.00982858248470364
0.8381988439952438 0.42053847383953247 0.19471451496734848
0.1011379463775045 0.6182573527525808 0.15055420076489057
0.9123502627618482 0.7275732447809659 0.6583308996358187
0.6828799008059343 0.45612278195065514 0.6232174925332308
0.25433288639271534 0.48456938160384844 0.6526198076927746
0.7630250351360047 0.410175752342392 0.8919364134167457
0.5745842775913778 0.3746334167161718 0.9283772549525331
0.7767105784190378 0.09778570440684098 0.9348876662992034
0.7193863373632845 0.03290034330444047 0.3603119707943935
0.5894837018070929 0.9329179018703115 0.9762582238845917
0.2836592826871547 0.29966352073934643 0.5987903549480185
0.20629873074767946 0.15776706181883282 0.996459748961689
0.9129097637577379 0.6048645674280446 0.6956379396653863
0.41432701502547753 0.09278943232700809 0.6930320427180477
0.6467580894724602 0.8765199590074081 0.7883104479491647
0.7591401071196192 0.6239768540626935 0.7617904290289238
0.5558169915474116 0.3962025593013744 0.4373397928271341
0.7095767972837618 0.8615457226943778 0.6261537964135011
0.386493712776265 0.40883577980601604 0.6053810253452035
0.5417887731882053 0.2471263163896319 0.1683655958131819
0.7634624588854714 0.03907216380408818 0.9617662212923266
0.5552516381976643 0.524784338592349 0.9066318328923173
0.5992284329274885 0.9744753705028859 0.25507483174683854
0.35139844705867873 0.20752800080148215 0.10238996544664858
0.18776109858481893 0.24804236514002553 0.6663054496773716
0.8163831350670263 0.331093448240939 0.7896853199686313
0.7079791419776135 0.6200384642965097 0.8140693769412122
0.015047567502136205 0.7191765371089621 0.5446352352333838
0.32998048342920383 0.6215263881306471 0.8450207480221373
0.36194359994570857 0.406995509804037 0.759211172377986
0.14282634416019635 0.7180008116994414 0.4079660175478331
0.011711622080680328 0.31192678139501984 0.8895488362926705
0.5116523931423475 0.43434991153019886 0.07622336916474803
0.671823617700846 0.5104480253089452 0.8963989545761248
0.0061923637795516795 0.8678035853533101 0.5549003447376049
0.7269451483936379 0.4941796489459035 0.771541640521182
0.7376521475649742 0.8735774222699856 0.3590373867435136
0.427151869183672 0.3691032207093381 0.9358746550618882
0.1981796620935703 0.48271175924080645 0.4577251353830789
0.6509692814984024 0.046304060712463624 0.5244265968168456
0.0646627178400696 0.41857970834310276 0.3667762823002946
0.5828493441995797 0.31809542496970433 0.9257824542154799
0.2502745361422486 0.9333776449590769 0.07319744356401203
0.8736773158563372 0.1772214604762784 0.2993837941965982
0.6898735720780704 0.6796017656571051 0.7373832752077516
0.2785226309282429 0.5871597781794765 0.5337352367767672
0.9182148029786404 0.048077986344681634 0.6935931836138619
0.8723592336074935 0.7713155754269638 0.5669277739550886
0.01255837063404952 0.135498285405951 0.7302927888341378
0.2724732595177296 0.6858058503899948 0.7578167008392882
0.009533297798796192 0.3865925773032749 0.26990080493300483
0.26968216329932726 0.8276261608382436 0.27510147043460076
0.8096195265642506 0.7193406768852415 0.42567874880041723
0.21079842275342564 0.06093833872213894 0.499858396499135
0.632424442246021 0.7536902465412411 0.4438395414461468
0.5860347690345027 0.09584641955020423 0.7344975864585389
0.20953982698273632 0.3992263876627815 0.006058929592268392
0.03840377455565547 0.45896587709346537 0.6741830719103404
0.5174107016919931 0.6446973657836883 0.3654789094289218
0.04668121497100908 0.9682249515541991 0.33927060864577974
0.11787871575947928 0.016271656114395183 0.7878234397323854
0.062446885598948954 0.9050448692808543 0.7696026600763721
0.5344666371527241 0.5177807557865045 0.3507639634596873
0.4215278982804329 0.6489831292829135 0.4006941995375194
0.9865385192220856 0.91986367040487 0.05407754044230473
0.043949950135702576 0.9396809716770367 0.7962280891640477
0.5294364908154481 0.9963974834476482 0.6744126269630241
0.7366503232082233 0.8609981800534084 0.9238134375407274
0.8249292081321865 0.3783673564137724 0.6023781393482294
0.02183297666308126 0.47697542414106664 0.004095220141020373
0.8422530163733474 0.7609410581794995 0.11780056482023749
0.4842743063318219 0.16571853148681726 0.5855073604192143
0.2178503292056816 0.9724734795099023 0.8331199431248457
0.13270836716769707 0.431591189900133 0.8692746425548223
0.2621708672455645 0.0019874992169240935 0.9718356630554537
0.1805996985210866 0.12238007168964082 0.6155060707724261
0.04777459215251256 0.2770576453718985 0.2861787491607426
0.5295969409248515 0.8203599632887154 0.15108276715830637
0.4506080343959955 0.2816250666351391 0.5180214908607167
0.2260875567778472 0.3350440934726535 0.22722420273914756
0.8504382424246536 0.6627262262635096 0.13184979111134376
0.7391676700937913 0.7321537204642127 0.13567650010650523
0.6812938991015184 0.2447019979206856 0.8045608377138966
0.5125780509627982 0.9368285411157903 0.6610066370581031
0.32277302456392987 0.4440527317980397 0.2706393940673968
0.445402112815249 0.473552681266041 0.6317510066516097
0.03756129869120495 0.31887503001787165 0.027951252160019147
0.19768435616936908 0.5594657259085914 0.9121939839630278
0.8853621112812802 0.38612705908591827 0.8157704228421326
0.2746911053784329 0.45397998841070586 0.7770743118577694
