-5.7963051137659605 9.053917870675388 4.041855951392668
5.332948992118283 2.5544662732064225 -2.7362721310401064
3.0263243731732707 4.809947801750351 1.866693867688737
-6.622082445548991 6.868072153104624 0.67416081121525
-0.5410470994992238 5.398766846911617 2.5135608369648805
1.6250774350130364 -7.043913403738036 -1.0061783323423403
4.579469919323023 7.595652864871276 -2.868010834862767
6.013496799832847 7.741192399712407 0.40624446108179435
3.735682273398295 8.508961697703548 2.4945535871366973
-1.7128109408112984 8.04418006543299 0.08944284899427202
6.615934289379684 1.4900317524362414 -2.5375897174558326
2.464791855108693 -8.133480449493277 -3.8569790471992556
-7.954723665308481 5.044773671042034 -1.02046637960288
2.244616880627717 -5.279174444299515 4.59189352513091
-5.073068413344375 -1.6918181224100408 2.4218930237603207
-2.245926099840627 8.349799996435113 -4.493006988592464
-3.55766200259652 -5.918407922313136 3.1188491494463
-9.424909238240936 -4.369492424508605 0.8819536444229907
-3.358277425113738 6.891345566269525 2.8125766391175535
-5.232285711931802 6.853767043861939 0.16735732354159444
-1.1429717234428765 -9.025843160427593 -3.0260557846655236
-7.598024122865851 -0.04133576512861481 -2.2916522765782203
-0.5580284002175713 -8.070762984677412 -0.1662068825949804
-1.7595274358503374 0.4372950836747904 1.2247310722559908
0.4762260731119632 9.606802119490705 -1.4602989950694458
1.205003441274421 -4.4149660756800095 0.21971198865330765
7.639006310639946 -5.153064259041679 0.8762136729675662
-4.014437333768283 3.2030367152894197 -3.6322022313771263
2.0254958405146724 5.021827978786813 -4.2502998411937485
9.58442839478063 5.049010986943088 2.457116825103773
4.876766129613708 -9.310275869285473 -3.8129643986468933
0.9744432569608446 -9.777678980375653 2.5664173981729337
4.529216905744054 0.916847723340318 -2.9946038574642193
6.511707289384148 -3.7113128457048017 0.4955528586202211
-6.298126540496742 -7.555086088233343 -1.4180454073133462
9.197950154229147 9.72329771061301 2.008723526774318
-3.0662773493276347 5.739650196356267 2.994791128895221
6.8662149076370795 4.551121847640269 -0.6791382135840349
7.632319401668891 -8.208578981041406 0.9677623309885075
6.732988173395981 -8.50577163628996 1.0267255805034294
-6.793384052410046 2.9376803988759264 -2.6961861156024476
-1.2523804318431822 3.327410714301905 -1.3128043714074924
-9.379455435644019 7.201021071404906 2.1662306616881266
8.30179515892743 -6.235526404427727 0.4034471447927095
8.76220218215822 -0.4498468822872681 0.005791667503461717
3.336058107144641 0.4258229330483978 0.7013274172226842
8.849490045150201 6.550800277082832 1.335350860985754
-0.8918912306510016 -6.497331366320442 3.8881928441662934
-2.5243715759334817 -6.96032579207116 0.005304958344463762
6.1738444141317075 9.910519298106877 1.3252796895565584
-2.5990281771476864 1.5384180241546712 1.7446076945275868
5.862226307205404 -8.990267798037017 1.3660064878554838
-4.551597837769563 1.3622831621615248 2.8397997883647155
1.799484785131618 -6.39119264916129 -3.771651600108098
0.42062126907354624 9.125768750549657 -2.3219855272888457
5.96608494878857 9.749305639488803 1.848589679112719
3.406804428895512 3.446791930952209 1.1002841753880717
6.063856812931931 7.959598585425379 2.4356780376621634
-1.022235584808655 -1.906743641152806 -0.1787430343089449
3.7557395391943853 1.984537638191842 2.8860631994624892
4.276283558004064 -7.470820454729816 3.5302118592225225
5.178215046706146 9.100901237627454 1.2346179196536151
8.980769872481787 7.120881772944369 -0.9809563884024199
5.720042167124328 -9.079254438101794 -0.8737990924076587
8.278356271790656 -6.960201774112749 -0.6439286128155267
4.05028828005654 -2.168090162214078 -0.26377211504847964
7.340573713112036 -7.700177572513425 -4.62195427816644
3.0162127629904507 9.553522526901755 -0.6832885178976655
1.880639671161351 7.313178314105599 -2.84276235604195
2.753674361856726 7.148169444356554 2.7720584195382636
9.895554296572215 5.313658243077233 -1.3339608144904798
3.2026206088411016 7.428049558114726 -2.688284087697316
2.6606936029698396 1.8527396089499621 -3.377195366013638
-0.5258206804699164 -0.26026940878698923 0.2670115537871052
-6.194359630955619 6.51020687934858 -1.1448987632492744
9.958952998013029 8.20331681584831 -3.8859218123948907
-4.99637130894164 2.1972458070633376 -1.2605139097336266
-7.584546482685579 -2.1638305451883237 0.7169552445196008
6.445182043014761 4.846171806791212 2.4495759809662574
8.125498836554296 -1.5394609156824774 0.2361766617134411
-9.806232443262665 -7.182930153013702 -3.205713290678447
-4.968887960276398 4.684792950372588 -3.1035816452623965
-9.732652441610341 -4.338010711269254 0.6148400254549036
-2.549494787989719 -9.788352647172562 -3.476089437385652
-9.467586925363989 -7.002566751944716 -2.535334430504966
7.317203733969247 -4.600584548322959 -0.6624194147066916
-0.9161852409604254 5.178020931049893 2.111748661795425
6.332971741153049 -5.723754065688347 -3.5633701491587226
-1.146397081449571 -7.364152915889585 -0.27660526005439456
0.6659159112764073 4.702378398998528 0.11732629837908093
6.9783747026569 1.8447400197517911 -3.1435857600598522
-3.8485048364247536 4.857472457891511 -3.860064937144468
-1.0637715821070124 5.32900496834535 1.0774150093268586
-7.624305831571374 4.431339091547775 -1.624847428895742
6.159067815387978 3.120093516638409 -2.426421686964676
4.536255877565091 6.580150031049207 -1.7653026247118122
5.473284912300132 6.02779580698618 -0.6717510621289111
-4.556399927788705 -5.7932374264805375 -1.0656248430838238
9.395042070103884 -6.30679492810663 2.8476673936580346
-5.591217491592353 -5.580424510066528 -1.879761094319846
