-5.7963051137659605 9.053917870675388 1.1519723499707453
5.332948992118283 2.5544662732064225 -0.9137654698123119
3.0263243731732707 4.809947801750351 -0.07128144211489637
-6.622082445548991 6.868072153104624 -0.012086555959715473
-0.5410470994992238 5.398766846911617 0.7701838084387889
1.6250774350130364 -7.043913403738036 -0.7521523042751451
4.579469919323023 7.595652864871276 -0.17381134519490515
6.013496799832847 7.741192399712407 0.370760850632327
3.735682273398295 8.508961697703548 -1.0791342005203264
-1.7128109408112984 8.04418006543299 -1.6394632950106833
6.615934289379684 1.4900317524362414 1.1145894724584517
2.464791855108693 -8.133480449493277 -1.4833324666971208
-7.954723665308481 5.044773671042034 0.38088331704135103
2.244616880627717 -5.279174444299515 0.4762193964696857
-5.073068413344375 -1.6918181224100408 -0.7242644085684911
-2.245926099840627 8.349799996435113 -1.0659629970937323
-3.55766200259652 -5.918407922313136 0.8089206124793364
-9.424909238240936 -4.369492424508605 -0.2292176907124254
-3.358277425113738 6.891345566269525 0.24585808050113622
-5.232285711931802 6.853767043861939 0.25638808011880293
-1.1429717234428765 -9.025843160427593 0.19220538616559352
-7.598024122865851 -0.04133576512861481 -0.34980017240560546
-0.5580284002175713 -8.070762984677412 1.445453897364911
-1.7595274358503374 0.4372950836747904 0.31074820363687394
0.4762260731119632 9.606802119490705 -0.40692067077085703
1.205003441274421 -4.4149660756800095 0.22773063621268808
7.639006310639946 -5.153064259041679 0.30178526754533364
-4.014437333768283 3.2030367152894197 -0.18417286754432302
2.0254958405146724 5.021827978786813 -0.707654923147039
9.58442839478063 5.049010986943088 0.72160413704136
4.876766129613708 -9.310275869285473 0.8708321123988564
0.9744432569608446 -9.777678980375653 -0.3136281474452046
4.529216905744054 0.916847723340318 0.10140887515882424
6.511707289384148 -3.7113128457048017 0.014911735736163709
-6.298126540496742 -7.555086088233343 0.6139885302693237
9.197950154229147 9.72329771061301 -0.7406698374848342
-3.0662773493276347 5.739650196356267 0.19246240095705477
6.8662149076370795 4.551121847640269 -0.7410319266542696
7.632319401668891 -8.208578981041406 -0.7730269727727364
6.732988173395981 -8.50577163628996 0.016452925409929764
-6.793384052410046 2.9376803988759264 0.21735568483458806
-1.2523804318431822 3.327410714301905 0.2739317780397606
-9.379455435644019 7.201021071404906 0.45419680785081273
8.30179515892743 -6.235526404427727 -0.8631259346757718
8.76220218215822 -0.4498468822872681 -0.37451519959771506
3.336058107144641 0.4258229330483978 0.16294354105342343
8.849490045150201 6.550800277082832 0.1831901563531768
-0.8918912306510016 -6.497331366320442 -0.04053037346874852
-2.5243715759334817 -6.96032579207116 0.6550929070336242
6.1738444141317075 9.910519298106877 -0.14060196547558884
-2.5990281771476864 1.5384180241546712 -0.3880364177384962
5.862226307205404 -8.990267798037017 -0.5611345653621147
-4.551597837769563 1.3622831621615248 1.2047007064739583
1.799484785131618 -6.39119264916129 0.46428885489230126
0.42062126907354624 9.125768750549657 0.6237986385414962
5.96608494878857 9.749305639488803 1.0190273221674033
3.406804428895512 3.446791930952209 0.9735502012278512
6.063856812931931 7.959598585425379 -0.09121911556103068
-1.022235584808655 -1.906743641152806 0.49995977614413867
3.7557395391943853 1.984537638191842 -1.486100534361837
4.276283558004064 -7.470820454729816 0.10003084957658881
5.178215046706146 9.100901237627454 -1.2566833037249956
8.980769872481787 7.120881772944369 1.2665622916171813
5.720042167124328 -9.079254438101794 0.09174171841458711
8.278356271790656 -6.960201774112749 -1.388391047645565
4.05028828005654 -2.168090162214078 1.1932919629179106
7.340573713112036 -7.700177572513425 -0.1875440786667142
3.0162127629904507 9.553522526901755 0.7126895869472538
1.880639671161351 7.313178314105599 -0.06473657334624405
2.753674361856726 7.148169444356554 0.30726605426079207
9.895554296572215 5.313658243077233 0.02016541543321726
3.2026206088411016 7.428049558114726 0.3129973725560469
2.6606936029698396 1.8527396089499621 0.9833493354327452
-0.5258206804699164 -0.26026940878698923 -0.24517697062438787
-6.194359630955619 6.51020687934858 0.7195694901607907
9.958952998013029 8.20331681584831 -0.1319331079917191
-4.99637130894164 2.1972458070633376 0.9582592304206943
-7.584546482685579 -2.1638305451883237 0.5324848989577993
6.445182043014761 4.846171806791212 0.34769358947107676
8.125498836554296 -1.5394609156824774 -0.4585374969146836
-9.806232443262665 -7.182930153013702 0.2323240276082575
-4.968887960276398 4.684792950372588 -0.8386466895517204
-9.732652441610341 -4.338010711269254 1.2135790706984029
-2.549494787989719 -9.788352647172562 -0.3240040591655705
-9.467586925363989 -7.002566751944716 -0.3694910556835667
7.317203733969247 -4.600584548322959 1.3033564979542818
-0.9161852409604254 5.178020931049893 0.7879907699606745
6.332971741153049 -5.723754065688347 0.6437203160239435
-1.146397081449571 -7.364152915889585 0.008426226453644436
0.6659159112764073 4.702378398998528 -0.27275623536987015
6.9783747026569 1.8447400197517911 0.8979166064165757
-3.8485048364247536 4.857472457891511 -0.48578190523686116
-1.0637715821070124 5.32900496834535 1.117694184751602
-7.624305831571374 4.431339091547775 1.2789429353631494
6.159067815387978 3.120093516638409 -0.1634296607065365
4.536255877565091 6.580150031049207 -0.03635470058391854
5.473284912300132 6.02779580698618 0.0023056072694100094
-4.556399927788705 -5.7932374264805375 0.029282698264592122
9.395042070103884 -6.30679492810663 0.8986575376577989
-5.591217491592353 -5.580424510066528 -0.5154261136054217
