-5.7963051137659605 9.053917870675388 4.131378472343667
5.332948992118283 2.5544662732064225 5.921141387867164
3.0263243731732707 4.809947801750351 5.325300989959802
-6.622082445548991 6.868072153104624 2.6547377760968716
-0.5410470994992238 5.398766846911617 -2.0708331146642935
1.6250774350130364 -7.043913403738036 -2.01472984900924
4.579469919323023 7.595652864871276 -6.513482659883989
6.013496799832847 7.741192399712407 -4.331530768230378
3.735682273398295 8.508961697703548 0.8619288922323641
-1.7128109408112984 8.04418006543299 -3.634005522622652
6.615934289379684 1.4900317524362414 -6.4443737168394275
2.464791855108693 -8.133480449493277 -2.335218057865544
-7.954723665308481 5.044773671042034 1.319567792566639
2.244616880627717 -5.279174444299515 1.3963654897605289
-5.073068413344375 -1.6918181224100408 4.187274648497699
-2.245926099840627 8.349799996435113 -2.5363723864537238
-3.55766200259652 -5.918407922313136 -3.9278604170841036
-9.424909238240936 -4.369492424508605 -2.8118920041274347
-3.358277425113738 6.891345566269525 2.904302234927928
-5.232285711931802 6.853767043861939 -3.514800218774573
-1.1429717234428765 -9.025843160427593 -1.6958054399179916
-7.598024122865851 -0.04133576512861481 6.590500677801147
-0.5580284002175713 -8.070762984677412 -3.3808594377839336
-1.7595274358503374 0.4372950836747904 -4.095396998365179
0.4762260731119632 9.606802119490705 3.1895268761144635
1.205003441274421 -4.4149660756800095 4.132414155764283
7.639006310639946 -5.153064259041679 1.5952005654160584
-4.014437333768283 3.2030367152894197 -4.285632504346399
2.0254958405146724 5.021827978786813 -1.8733211605611844
9.58442839478063 5.049010986943088 -1.5749495558004656
4.876766129613708 -9.310275869285473 0.7797031939335642
0.9744432569608446 -9.777678980375653 3.0329779948141025
4.529216905744054 0.916847723340318 0.23021991604912562
6.511707289384148 -3.7113128457048017 -5.87410395045445
-6.298126540496742 -7.555086088233343 2.5524626723837365
9.197950154229147 9.72329771061301 6.697621601517749
-3.0662773493276347 5.739650196356267 4.9764863491002655
6.8662149076370795 4.551121847640269 -4.895231742159562
7.632319401668891 -8.208578981041406 -4.391713796096472
6.732988173395981 -8.50577163628996 1.806646292904522
-6.793384052410046 2.9376803988759264 3.3589259113250813
-1.2523804318431822 3.327410714301905 5.218712926585666
-9.379455435644019 7.201021071404906 6.7277162244136335
8.30179515892743 -6.235526404427727 3.824718846972983
8.76220218215822 -0.4498468822872681 3.7699088690973053
3.336058107144641 0.4258229330483978 6.494693442354416
8.849490045150201 6.550800277082832 6.779331163001986
-0.8918912306510016 -6.497331366320442 -5.191998518353154
-2.5243715759334817 -6.96032579207116 5.303604013239177
6.1738444141317075 9.910519298106877 2.7881739854806074
-2.5990281771476864 1.5384180241546712 4.615823864692854
5.862226307205404 -8.990267798037017 -4.5526442002890395
-4.551597837769563 1.3622831621615248 -3.710646991419385
1.799484785131618 -6.39119264916129 0.877462610603146
0.42062126907354624 9.125768750549657 -5.712039190765234
5.96608494878857 9.749305639488803 -2.2186489637613076
3.406804428895512 3.446791930952209 -0.44184793094060537
6.063856812931931 7.959598585425379 3.6325121416444954
-1.022235584808655 -1.906743641152806 4.261572209586425
3.7557395391943853 1.984537638191842 6.099575148958552
4.276283558004064 -7.470820454729816 2.247224189429877
5.178215046706146 9.100901237627454 5.665257970006943
8.980769872481787 7.120881772944369 -1.5891828831058197
5.720042167124328 -9.079254438101794 0.7406958779106186
8.278356271790656 -6.960201774112749 3.9877680477188004
4.05028828005654 -2.168090162214078 -6.031761871589375
7.340573713112036 -7.700177572513425 0.16714206626504646
3.0162127629904507 9.553522526901755 -6.003166425052393
1.880639671161351 7.313178314105599 6.901115211178752
2.753674361856726 7.148169444356554 4.17736887841743
9.895554296572215 5.313658243077233 -2.7229889196676034
3.2026206088411016 7.428049558114726 5.9322790690943545
2.6606936029698396 1.8527396089499621 3.5472828040722626
-0.5258206804699164 -0.26026940878698923 2.096454526870568
-6.194359630955619 6.51020687934858 3.8369866082077118
9.958952998013029 8.20331681584831 3.727899378526854
-4.99637130894164 2.1972458070633376 -0.017782751077644043
-7.584546482685579 -2.1638305451883237 6.324284355920149
6.445182043014761 4.846171806791212 5.72131996428455
8.125498836554296 -1.5394609156824774 -7.641950304690397
-9.806232443262665 -7.182930153013702 -0.3588258982008347
-4.968887960276398 4.684792950372588 -3.890833651670661
-9.732652441610341 -4.338010711269254 5.637258323522249
-2.549494787989719 -9.788352647172562 -2.7462657857033945
-9.467586925363989 -7.002566751944716 0.6034606713398503
7.317203733969247 -4.600584548322959 2.2947026661481615
-0.9161852409604254 5.178020931049893 1.5219025702942572
6.332971741153049 -5.723754065688347 -0.34134497386614965
-1.146397081449571 -7.364152915889585 -2.5524073024169516
0.6659159112764073 4.702378398998528 -0.4301509816097936
6.9783747026569 1.8447400197517911 6.719815731848852
-3.8485048364247536 4.857472457891511 -5.912807030669433
-1.0637715821070124 5.32900496834535 -1.622399332657647
-7.624305831571374 4.431339091547775 -2.583728018204461
6.159067815387978 3.120093516638409 -6.5065873951626925
4.536255877565091 6.580150031049207 4.998169983988662
5.473284912300132 6.02779580698618 -5.309356022791647
-4.556399927788705 -5.7932374264805375 2.431936474248762
9.395042070103884 -6.30679492810663 0.7744743137169162
-5.591217491592353 -5.580424510066528 -5.130453139185114
