-10.0 0.5022054912868137
-9.797979797979798 0.29348895958531934
-9.595959595959595 0.1982422195066056
-9.393939393939394 -0.09259663624653867
-9.191919191919192 -0.23949958207550984
-8.98989898989899 -0.25997944913725324
-8.787878787878787 -0.6404225135323157
-8.585858585858587 -0.6475239562621982
-8.383838383838384 -0.6406872898855296
-8.181818181818182 -0.9445925990768841
-7.979797979797979 -0.8844468432372181
-7.777777777777778 -0.9795766916979173
-7.575757575757576 -0.9260587633103744
-7.373737373737374 -0.8424294577756637
-7.171717171717171 -0.653734797877366
-6.96969696969697 -0.6284689334952478
-6.767676767676768 -0.3185393891215056
-6.565656565656566 -0.20315576295765225
-6.363636363636363 -0.20500110487253834
-6.161616161616162 0.028915455980480495
-5.959595959595959 0.2243661927256828
-5.757575757575758 0.45889878886395136
-5.555555555555555 0.852684646858126
-5.353535353535354 0.9107483669488143
-5.151515151515151 0.8153369932222359
-4.94949494949495 0.9040040465884888
-4.747474747474747 1.0653813280335658
-4.545454545454546 0.8695362121168507
-4.343434343434343 0.9900120759739234
-4.141414141414142 0.8662816544194902
-3.9393939393939394 0.8244592595878685
-3.737373737373738 0.6348407914631254
-3.5353535353535355 0.5371420360926055
-3.333333333333333 0.3246469337341526
-3.1313131313131315 -0.05326808325187493
-2.929292929292929 -0.3263207038684166
-2.7272727272727275 -0.273469088585342
-2.525252525252525 -0.5230188356097094
-2.3232323232323235 -0.7586358657564257
-2.121212121212121 -0.889480985299789
-1.9191919191919187 -0.9163582862880102
-1.717171717171718 -0.8998180072936529
-1.5151515151515156 -1.0223754441343769
-1.3131313131313131 -0.9287830779348138
-1.1111111111111107 -0.9463012249606794
-0.9090909090909101 -0.7121852644985329
-0.7070707070707076 -0.6292546799896763
-0.5050505050505052 -0.31336433511345096
-0.30303030303030276 -0.3756341984547549
-0.10101010101010033 0.09144772617057777
0.10101010101010033 -0.05096113575942511
0.30303030303030276 0.37272432342105466
0.5050505050505052 0.5544878134532869
0.7070707070707076 0.7510096177522796
0.9090909090909083 0.5754700036971526
1.1111111111111107 1.0825492936906154
1.3131313131313131 0.915827160955151
1.5151515151515156 1.1471541357747062
1.7171717171717162 1.032126259261418
1.9191919191919187 0.9441515652525896
2.121212121212121 0.9001191185484335
2.3232323232323235 0.7173953098220819
2.525252525252524 0.4734933609080566
2.7272727272727266 0.3339195224121029
2.929292929292929 0.055815730195046626
3.1313131313131315 -0.07131567837438506
3.333333333333334 -0.07323684811619935
3.5353535353535346 -0.3751041728850716
3.737373737373737 -0.6460959267243499
3.9393939393939394 -0.5558222516092824
4.141414141414142 -0.6739980226703424
4.3434343434343425 -0.817786597723064
4.545454545454545 -1.207749560382321
4.747474747474747 -1.1226412151008796
4.94949494949495 -0.9255823570868216
5.1515151515151505 -0.9155651683105995
5.353535353535353 -0.8905650922576759
5.555555555555555 -0.8075836230240605
5.757575757575758 -0.3145995440303462
5.9595959595959584 -0.3541490602015962
6.161616161616163 -0.24251092228815652
6.363636363636363 0.07735961871408763
6.565656565656564 0.3366289810185834
6.767676767676768 0.47443601361768695
6.969696969696969 0.7655455407576153
7.171717171717173 0.6348624571005781
7.373737373737374 0.9821106377445412
7.575757575757574 0.970361098643799
7.777777777777779 0.8123129163131632
7.979797979797979 1.0932461270426228
8.18181818181818 0.9068221238134503
8.383838383838384 0.7096304756142744
8.585858585858585 0.8904716895490289
8.787878787878789 0.44421461276974844
8.98989898989899 0.35823310386779955
9.19191919191919 0.1707669985183337
9.393939393939394 -0.06506738815479386
9.595959595959595 -0.10756253408585702
9.7979797979798 -0.4509987159480581
10.0 -0.49207128903602654
