-10.0 0.42259331282758206
-9.797979797979798 0.8348108566047137
-9.595959595959595 -0.30998593296105353
-9.393939393939394 -0.6136024533276577
-9.191919191919192 -0.6881174839223523
-8.98989898989899 -0.3171207992680853
-8.787878787878787 -0.12548834148326649
-8.585858585858587 -0.5127736930151204
-8.383838383838384 -0.5885332059440377
-8.181818181818182 -0.9924776438283309
-7.979797979797979 -0.39362806096236125
-7.777777777777778 -1.2462354690944748
-7.575757575757576 -1.0151419446983914
-7.373737373737374 -0.4421793514720992
-7.171717171717171 -1.3668137626926424
-6.96969696969697 -0.853248767549894
-6.767676767676768 -0.45583667887139073
-6.565656565656566 0.13876540917161867
-6.363636363636363 0.47435737374519166
-6.161616161616162 0.027944326864301802
-5.959595959595959 0.245325510220403
-5.757575757575758 0.8050225162904212
-5.555555555555555 0.5404371387992106
-5.353535353535354 1.0968919234790335
-5.151515151515151 0.7832190330938524
-4.94949494949495 0.8830919877630087
-4.747474747474747 0.9991849789428272
-4.545454545454546 1.2266759552443864
-4.343434343434343 0.9880263756006303
-4.141414141414142 0.4383907883955643
-3.9393939393939394 0.8518993578615381
-3.737373737373738 0.09163474450125086
-3.5353535353535355 0.8545845885588943
-3.333333333333333 0.7818556094803858
-3.1313131313131315 0.2977705544532631
-2.929292929292929 0.009291825467483611
-2.7272727272727275 -0.45549159993412924
-2.525252525252525 -0.42396250382961165
-2.3232323232323235 -0.2768218930880805
-2.121212121212121 -1.3499729167761845
-1.9191919191919187 -1.047728550248783
-1.717171717171718 -0.4418876181438465
-1.5151515151515156 -1.3105811610998421
-1.3131313131313131 -1.0197398005156453
-1.1111111111111107 -0.6999450859508267
-0.9090909090909101 -0.7958030060574366
-0.7070707070707076 -1.1955071371930464
-0.5050505050505052 -0.9251805699419231
-0.30303030303030276 -0.8083642731104241
-0.10101010101010033 -0.3422892201000889
0.10101010101010033 0.5619334778921109
0.30303030303030276 -0.14586939839613838
0.5050505050505052 -0.09429538517950059
0.7070707070707076 0.6238100778287692
0.9090909090909083 0.6844569690300202
1.1111111111111107 1.4524707568441793
1.3131313131313131 1.1890227894548335
1.5151515151515156 0.7902658334149611
1.7171717171717162 0.8492844977574748
1.9191919191919187 1.055057369555476
2.121212121212121 1.2652835734277534
2.3232323232323235 1.3136616450847138
2.525252525252524 0.03018110114990702
2.7272727272727266 0.07518138755415688
2.929292929292929 0.21630841228362988
3.1313131313131315 0.20442983970847656
3.333333333333334 -0.5709390547158333
3.5353535353535346 -0.11972429561268855
3.737373737373737 -0.6181312065403284
3.9393939393939394 -0.7025746566627695
4.141414141414142 -1.0214995818428136
4.3434343434343425 -1.454163953586833
4.545454545454545 -0.7138576174224958
4.747474747474747 -0.9945753325715757
4.94949494949495 -0.8069408473240226
5.1515151515151505 -1.3308238708173619
5.353535353535353 -0.4778679054416233
5.555555555555555 -0.20631918513842162
5.757575757575758 -0.6389984286447342
5.9595959595959584 -0.26769386321434374
6.161616161616163 0.19313043154137488
6.363636363636363 0.34220600846584553
6.565656565656564 -0.25624259847238834
6.767676767676768 0.5462230243006272
6.969696969696969 1.0733667391335673
7.171717171717173 0.4135172049932167
7.373737373737374 1.1630993347888758
7.575757575757574 1.53483069521271
7.777777777777779 1.0288390102436193
7.979797979797979 0.8910051703128161
8.18181818181818 1.1983131417476804
8.383838383838384 1.030060636301117
8.585858585858585 1.3106954351016094
8.787878787878789 0.6564731476844511
8.98989898989899 -0.041597743757867234
9.19191919191919 0.21998429653315357
9.393939393939394 0.623135617231052
9.595959595959595 -0.15593647380489756
9.7979797979798 -0.6710411415540768
10.0 -0.5723506585683918
