-10.0 -0.2870008566678668
-9.797979797979798 0.19479651684813537
-9.595959595959595 0.23577712154227165
-9.393939393939394 -0.3814540405172664
-9.191919191919192 -1.4010776881296727
-8.98989898989899 -1.0764195647767036
-8.787878787878787 -1.4281474143941502
-8.585858585858587 -0.542943846541599
-8.383838383838384 -0.36602109075035427
-8.181818181818182 0.12477112280395763
-7.979797979797979 -0.4049960900034335
-7.777777777777778 -0.3632922333159918
-7.575757575757576 -0.005087857295840492
-7.373737373737374 0.01833652962964394
-7.171717171717171 -1.958495148845527
-6.96969696969697 -1.4377396046962048
-6.767676767676768 0.001995883663961917
-6.565656565656566 0.06281196378101811
-6.363636363636363 -0.152554812022005
-6.161616161616162 -0.7483846632548526
-5.959595959595959 -0.5833051378486698
-5.757575757575758 0.2771460554739569
-5.555555555555555 1.517941648669671
-5.353535353535354 -0.13908328346216936
-5.151515151515151 1.0962218255735354
-4.94949494949495 -0.2869121502584312
-4.747474747474747 1.5705207839039241
-4.545454545454546 -0.01740424374995131
-4.343434343434343 2.1482575452543546
-4.141414141414142 0.8158026703772334
-3.9393939393939394 1.0428642597071323
-3.737373737373738 0.5916163509385588
-3.5353535353535355 0.5758943902420057
-3.333333333333333 0.6901819539694493
-3.1313131313131315 -0.6223895670457595
-2.929292929292929 -0.7285597652767541
-2.7272727272727275 -0.9495247790066577
-2.525252525252525 -0.8776821633849108
-2.3232323232323235 -0.504443350216511
-2.121212121212121 0.35248885305158983
-1.9191919191919187 -1.911416664363399
-1.717171717171718 -0.31514838669451417
-1.5151515151515156 -0.996701781668928
-1.3131313131313131 -0.8866750931113917
-1.1111111111111107 -0.8799535674771368
-0.9090909090909101 -1.5197690663752748
-0.7070707070707076 0.36669532315155684
-0.5050505050505052 -1.3048639232992763
-0.30303030303030276 -0.6011209430615883
-0.10101010101010033 -1.3589833848025692
0.10101010101010033 0.11835328277956221
0.30303030303030276 -0.7494541665626371
0.5050505050505052 0.9581502880689077
0.7070707070707076 -0.3136477651987859
0.9090909090909083 1.4316681593533749
1.1111111111111107 0.590098872530504
1.3131313131313131 0.45458048782049654
1.5151515151515156 -0.10593842001211085
1.7171717171717162 1.4650657022186535
1.9191919191919187 2.0912404664728648
2.121212121212121 1.5932365983202623
2.3232323232323235 0.13865326481197526
2.525252525252524 1.6994713864864153
2.7272727272727266 -0.36425750015283637
2.929292929292929 -0.564190759096447
3.1313131313131315 -0.17541139892405927
3.333333333333334 -1.009710495238354
3.5353535353535346 0.32352667685371145
3.737373737373737 -0.6407313927376537
3.9393939393939394 -0.8420285954816857
4.141414141414142 -2.0531070411222356
4.3434343434343425 -2.2084181860726884
4.545454545454545 -2.277199412792627
4.747474747474747 -0.5511567043014015
4.94949494949495 -0.08173081479905375
5.1515151515151505 0.1521345443361357
5.353535353535353 0.20468662948760052
5.555555555555555 -0.6308699857675346
5.757575757575758 0.0711320597473144
5.9595959595959584 -0.9922178443380675
6.161616161616163 -0.10753374186204011
6.363636363636363 -0.6236971782579592
6.565656565656564 -0.07074145340500188
6.767676767676768 1.2204386067996436
6.969696969696969 0.8161916020244514
7.171717171717173 1.2685514251024608
7.373737373737374 0.9457453921430289
7.575757575757574 0.7487094834740274
7.777777777777779 0.23950775359160326
7.979797979797979 1.3138538592094378
8.18181818181818 1.1916806231333548
8.383838383838384 0.9495541998368313
8.585858585858585 1.0594799991678125
8.787878787878789 0.4726144834193995
8.98989898989899 -0.5539795675162718
9.19191919191919 -1.0119741892404848
9.393939393939394 -0.6526539683255712
9.595959595959595 -1.0151786511649608
9.7979797979798 -1.6270805328431694
10.0 0.17538204991725848
