-5.7963051137659605 9.053917870675388 6.62377849252411
5.332948992118283 2.5544662732064225 -0.164965489925329
3.0263243731732707 4.809947801750351 -4.095797946083402
-6.622082445548991 6.868072153104624 -6.084158933843143
-0.5410470994992238 5.398766846911617 4.883535976781908
1.6250774350130364 -7.043913403738036 -2.827945899673426
4.579469919323023 7.595652864871276 -0.012191228453943714
6.013496799832847 7.741192399712407 -5.40705977453753
3.735682273398295 8.508961697703548 6.829776371979911
-1.7128109408112984 8.04418006543299 -1.458072167069018
6.615934289379684 1.4900317524362414 5.160131068078857
2.464791855108693 -8.133480449493277 4.702520636058533
-7.954723665308481 5.044773671042034 3.4564336486709966
2.244616880627717 -5.279174444299515 -7.398941283291752
-5.073068413344375 -1.6918181224100408 6.002946410030403
-2.245926099840627 8.349799996435113 -6.114980712629563
-3.55766200259652 -5.918407922313136 -3.4439750322245763
-9.424909238240936 -4.369492424508605 -2.307739181073071
-3.358277425113738 6.891345566269525 -2.8530343375411
-5.232285711931802 6.853767043861939 2.0389480292728757
-1.1429717234428765 -9.025843160427593 -7.021254318258638
-7.598024122865851 -0.04133576512861481 -0.5874817125110714
-0.5580284002175713 -8.070762984677412 1.5149369455089352
-1.7595274358503374 0.4372950836747904 1.9005263814721403
0.4762260731119632 9.606802119490705 7.614080866702275
1.205003441274421 -4.4149660756800095 2.5697967228152763
7.639006310639946 -5.153064259041679 -6.681851794154037
-4.014437333768283 3.2030367152894197 7.942929692759201
2.0254958405146724 5.021827978786813 -2.5723113809122466
9.58442839478063 5.049010986943088 8.04351764156277
4.876766129613708 -9.310275869285473 -6.729815171120875
0.9744432569608446 -9.777678980375653 -0.7387511624644234
4.529216905744054 0.916847723340318 -1.0302893378520641
6.511707289384148 -3.7113128457048017 3.534099705211954
-6.298126540496742 -7.555086088233343 3.055905169414001
9.197950154229147 9.72329771061301 -2.9070784001559318
-3.0662773493276347 5.739650196356267 8.832303885725647
6.8662149076370795 4.551121847640269 -6.6365317167129785
7.632319401668891 -8.208578981041406 5.011866579420533
6.732988173395981 -8.50577163628996 8.119109058154113
-6.793384052410046 2.9376803988759264 -4.863569126646567
-1.2523804318431822 3.327410714301905 8.745028121450432
-9.379455435644019 7.201021071404906 5.402982873644759
8.30179515892743 -6.235526404427727 6.442449315431218
8.76220218215822 -0.4498468822872681 -3.2449986976089225
3.336058107144641 0.4258229330483978 -0.7570999488053534
8.849490045150201 6.550800277082832 2.460982972491199
-0.8918912306510016 -6.497331366320442 -7.196135215925193
-2.5243715759334817 -6.96032579207116 -0.20133685690075542
6.1738444141317075 9.910519298106877 -2.4996808004531554
-2.5990281771476864 1.5384180241546712 4.23364471253414
5.862226307205404 -8.990267798037017 -3.6318897869847233
-4.551597837769563 1.3622831621615248 -5.39079247163094
1.799484785131618 -6.39119264916129 8.410623841986643
0.42062126907354624 9.125768750549657 -4.7340693987873355
5.96608494878857 9.749305639488803 0.37508873105735263
3.406804428895512 3.446791930952209 -7.363509455496308
6.063856812931931 7.959598585425379 -0.12242947222263001
-1.022235584808655 -1.906743641152806 -0.6596554734943725
3.7557395391943853 1.984537638191842 5.747880544413639
4.276283558004064 -7.470820454729816 -0.4090468863129204
5.178215046706146 9.100901237627454 5.376753920257677
8.980769872481787 7.120881772944369 0.9462123837031475
5.720042167124328 -9.079254438101794 8.861644457751215
8.278356271790656 -6.960201774112749 -8.351340674479019
4.05028828005654 -2.168090162214078 -6.812982837490449
7.340573713112036 -7.700177572513425 7.273856708015435
3.0162127629904507 9.553522526901755 -6.489717141311002
1.880639671161351 7.313178314105599 -6.711381840170188
2.753674361856726 7.148169444356554 0.5562890034308052
9.895554296572215 5.313658243077233 -4.935021944138583
3.2026206088411016 7.428049558114726 5.567369942482512
2.6606936029698396 1.8527396089499621 -3.687352732927477
-0.5258206804699164 -0.26026940878698923 8.748937596171649
-6.194359630955619 6.51020687934858 4.963502042475185
9.958952998013029 8.20331681584831 2.324934910535525
-4.99637130894164 2.1972458070633376 -1.5485639314731632
-7.584546482685579 -2.1638305451883237 -0.7971108245954597
6.445182043014761 4.846171806791212 -3.863318464407443
8.125498836554296 -1.5394609156824774 -5.7021726289447985
-9.806232443262665 -7.182930153013702 -7.352337210554517
-4.968887960276398 4.684792950372588 -5.866744685128608
-9.732652441610341 -4.338010711269254 1.642065443470687
-2.549494787989719 -9.788352647172562 -8.248502967096554
-9.467586925363989 -7.002566751944716 7.0822496506559425
7.317203733969247 -4.600584548322959 8.275770412966327
-0.9161852409604254 5.178020931049893 6.455189318186972
6.332971741153049 -5.723754065688347 0.6521297399439316
-1.146397081449571 -7.364152915889585 0.7375598298938998
0.6659159112764073 4.702378398998528 -6.50558923844593
6.9783747026569 1.8447400197517911 2.999423072293055
-3.8485048364247536 4.857472457891511 -0.45579490521964716
-1.0637715821070124 5.32900496834535 -0.23376533873246874
-7.624305831571374 4.431339091547775 -3.975975848310017
6.159067815387978 3.120093516638409 -7.4422214094036745
4.536255877565091 6.580150031049207 -1.6456807504111994
5.473284912300132 6.02779580698618 0.37245830285901094
-4.556399927788705 -5.7932374264805375 0.9436225470492299
9.395042070103884 -6.30679492810663 -6.090344974083258
-5.591217491592353 -5.580424510066528 6.51264309516114
