-5.7963051137659605 9.053917870675388 -7.5154571442250235
5.332948992118283 2.5544662732064225 -13.56075155950836
3.0263243731732707 4.809947801750351 10.583902623816371
-6.622082445548991 6.868072153104624 14.355564651676618
-0.5410470994992238 5.398766846911617 -10.791922084001012
1.6250774350130364 -7.043913403738036 13.164698153948876
4.579469919323023 7.595652864871276 4.655421123232623
6.013496799832847 7.741192399712407 -12.490093943977914
3.735682273398295 8.508961697703548 -4.053759231571073
-1.7128109408112984 8.04418006543299 -0.050102834491410286
6.615934289379684 1.4900317524362414 -2.3284468229791377
2.464791855108693 -8.133480449493277 11.156024646003837
-7.954723665308481 5.044773671042034 0.7066101687122914
2.244616880627717 -5.279174444299515 1.1809129679302415
-5.073068413344375 -1.6918181224100408 -5.70542517108322
-2.245926099840627 8.349799996435113 -6.144521670957955
-3.55766200259652 -5.918407922313136 -10.817697045719209
-9.424909238240936 -4.369492424508605 -14.143658657512448
-3.358277425113738 6.891345566269525 9.39753312503187
-5.232285711931802 6.853767043861939 1.1580029112525723
-1.1429717234428765 -9.025843160427593 4.148690328888394
-7.598024122865851 -0.04133576512861481 -12.787265545079874
-0.5580284002175713 -8.070762984677412 -2.3278816723334264
-1.7595274358503374 0.4372950836747904 1.8673611449863134
0.4762260731119632 9.606802119490705 9.186895802074055
1.205003441274421 -4.4149660756800095 -8.657704639056877
7.639006310639946 -5.153064259041679 -8.608656241440679
-4.014437333768283 3.2030367152894197 13.542129816548009
2.0254958405146724 5.021827978786813 13.659692620886766
9.58442839478063 5.049010986943088 8.025409986883629
4.876766129613708 -9.310275869285473 -7.63370905803502
0.9744432569608446 -9.777678980375653 11.199157829032442
4.529216905744054 0.916847723340318 -10.210091552256202
6.511707289384148 -3.7113128457048017 -12.624457791982378
-6.298126540496742 -7.555086088233343 -13.554138878366672
9.197950154229147 9.72329771061301 -1.2839825237931715
-3.0662773493276347 5.739650196356267 14.069505711901162
6.8662149076370795 4.551121847640269 -1.3923712710782379
7.632319401668891 -8.208578981041406 -8.15713014918496
6.732988173395981 -8.50577163628996 9.13550324819509
-6.793384052410046 2.9376803988759264 -3.349744625831514
-1.2523804318431822 3.327410714301905 -12.426640938886315
-9.379455435644019 7.201021071404906 -13.779947769183002
8.30179515892743 -6.235526404427727 -0.3804859603793147
8.76220218215822 -0.4498468822872681 8.119365997403598
3.336058107144641 0.4258229330483978 6.2199819394481635
8.849490045150201 6.550800277082832 -5.771945996942132
-0.8918912306510016 -6.497331366320442 12.341225826035366
-2.5243715759334817 -6.96032579207116 11.661929923653632
6.1738444141317075 9.910519298106877 -0.43741556941224263
-2.5990281771476864 1.5384180241546712 -4.904821320021391
5.862226307205404 -8.990267798037017 8.652678627879952
-4.551597837769563 1.3622831621615248 9.65917264205135
1.799484785131618 -6.39119264916129 14.319131079878007
0.42062126907354624 9.125768750549657 12.82417015087209
5.96608494878857 9.749305639488803 -6.44629334219344
3.406804428895512 3.446791930952209 -8.68694206616728
6.063856812931931 7.959598585425379 -2.5213693893313662
-1.022235584808655 -1.906743641152806 -3.104644691141628
3.7557395391943853 1.984537638191842 -14.995406383721953
4.276283558004064 -7.470820454729816 -3.9038601170629597
5.178215046706146 9.100901237627454 1.1204788661479133
8.980769872481787 7.120881772944369 -1.660611275567505
5.720042167124328 -9.079254438101794 -0.29417483257672383
8.278356271790656 -6.960201774112749 -2.299406640343382
4.05028828005654 -2.168090162214078 13.571459286946688
7.340573713112036 -7.700177572513425 11.784542035901849
3.0162127629904507 9.553522526901755 3.714723236156527
1.880639671161351 7.313178314105599 0.8619836764306532
2.753674361856726 7.148169444356554 -0.25292055859810275
9.895554296572215 5.313658243077233 3.683535559415152
3.2026206088411016 7.428049558114726 6.991420032595118
2.6606936029698396 1.8527396089499621 8.73742388519601
-0.5258206804699164 -0.26026940878698923 10.060666694713555
-6.194359630955619 6.51020687934858 -7.865638242478231
9.958952998013029 8.20331681584831 12.68470259036935
-4.99637130894164 2.1972458070633376 -6.250913645675692
-7.584546482685579 -2.1638305451883237 8.975252163340272
6.445182043014761 4.846171806791212 10.75237750970234
8.125498836554296 -1.5394609156824774 -12.221339215372248
-9.806232443262665 -7.182930153013702 -3.441523780289961
-4.968887960276398 4.684792950372588 -1.7846942765527352
-9.732652441610341 -4.338010711269254 -0.6482404889487312
-2.549494787989719 -9.788352647172562 3.603690333356775
-9.467586925363989 -7.002566751944716 -10.980525674023887
7.317203733969247 -4.600584548322959 13.241713127389648
-0.9161852409604254 5.178020931049893 -13.611981735033748
6.332971741153049 -5.723754065688347 -14.533081601907659
-1.146397081449571 -7.364152915889585 -11.907384981971102
0.6659159112764073 4.702378398998528 13.32400632139559
6.9783747026569 1.8447400197517911 -3.2923643149117336
-3.8485048364247536 4.857472457891511 -9.460901067304446
-1.0637715821070124 5.32900496834535 6.780539876213423
-7.624305831571374 4.431339091547775 -1.797793240071706
6.159067815387978 3.120093516638409 -5.832346811670615
4.536255877565091 6.580150031049207 5.428655221745461
5.473284912300132 6.02779580698618 13.815817554756967
-4.556399927788705 -5.7932374264805375 1.3460805883647349
9.395042070103884 -6.30679492810663 -9.561607738268759
-5.591217491592353 -5.580424510066528 -9.117234876542136
