-10.0 0.602499010637487
-9.797979797979798 0.655875293113662
-9.595959595959595 0.5196079314380364
-9.393939393939394 0.005132714970656708
-9.191919191919192 -0.47142483710815775
-8.98989898989899 -0.6710304886216419
-8.787878787878787 -0.6136807931463726
-8.585858585858587 -0.7607170007692701
-8.383838383838384 -0.7582978194741459
-8.181818181818182 -1.139630462384578
-7.979797979797979 -0.5960810308224196
-7.777777777777778 -0.6584641499269683
-7.575757575757576 -0.7648247432883709
-7.373737373737374 -0.55634007370279
-7.171717171717171 -0.8536390561219888
-6.96969696969697 -0.8794701190410583
-6.767676767676768 -0.4833563855545243
-6.565656565656566 -0.10512410756835949
-6.363636363636363 0.009626370279087929
-6.161616161616162 0.47518653541049305
-5.959595959595959 0.6461294094735703
-5.757575757575758 0.6253189579415747
-5.555555555555555 0.6795028715054117
-5.353535353535354 1.1777617343963687
-5.151515151515151 0.835813861976328
-4.94949494949495 1.2890102258929765
-4.747474747474747 0.6216236040030032
-4.545454545454546 0.9542846765874571
-4.343434343434343 1.2599913026796563
-4.141414141414142 0.893615305827873
-3.9393939393939394 0.5654828724943204
-3.737373737373738 0.7636305987324961
-3.5353535353535355 0.736354641828164
-3.333333333333333 0.26164436226124876
-3.1313131313131315 0.1226601022641513
-2.929292929292929 0.06265646463312866
-2.7272727272727275 -0.09969721806871468
-2.525252525252525 -0.41490267011296356
-2.3232323232323235 -0.9254997023453714
-2.121212121212121 -1.0900682953627066
-1.9191919191919187 -0.7360824005659085
-1.717171717171718 -1.0307288903426832
-1.5151515151515156 -0.7064656233432394
-1.3131313131313131 -0.9891036194685123
-1.1111111111111107 -0.5277054139659886
-0.9090909090909101 -0.5981547716483854
-0.7070707070707076 -0.4535602670664646
-0.5050505050505052 -0.15615312203218595
-0.30303030303030276 -0.1649267807465465
-0.10101010101010033 -0.4225628944179668
0.10101010101010033 0.4952063761821372
0.30303030303030276 0.4011770639050049
0.5050505050505052 0.6592831234975134
0.7070707070707076 0.7919773927856412
0.9090909090909083 0.6282136715453333
1.1111111111111107 0.6885669416270614
1.3131313131313131 0.947118594544723
1.5151515151515156 0.8122288836117382
1.7171717171717162 0.6652284213269009
1.9191919191919187 1.1623181489835623
2.121212121212121 1.1072924692395705
2.3232323232323235 1.1260806377315198
2.525252525252524 0.8104082354489356
2.7272727272727266 0.514154147466872
2.929292929292929 -0.09900420164457516
3.1313131313131315 0.3012409341537246
3.333333333333334 -0.47232237228474533
3.5353535353535346 -0.1445410736871761
3.737373737373737 -0.16477597170958858
3.9393939393939394 -0.44412903609086263
4.141414141414142 -0.4639987962277825
4.3434343434343425 -1.1398626193109405
4.545454545454545 -0.7479148933853115
4.747474747474747 -0.7221974051216379
4.94949494949495 -0.9838139208285639
5.1515151515151505 -0.6067382782278644
5.353535353535353 -0.8047272931045493
5.555555555555555 -0.32414530670277164
5.757575757575758 -0.7988666210358959
5.9595959595959584 -0.6597377862815434
6.161616161616163 -0.25444932433149037
6.363636363636363 0.3750070342881497
6.565656565656564 -0.051797612097886914
6.767676767676768 0.4763367573764211
6.969696969696969 0.8161939825019451
7.171717171717173 1.0403659206958409
7.373737373737374 0.5449266379883536
7.575757575757574 0.8156692760448301
7.777777777777779 1.1687757198519304
7.979797979797979 1.1240330838043933
8.18181818181818 0.6104984374659584
8.383838383838384 0.8725480782231092
8.585858585858585 0.6705952511305399
8.787878787878789 0.5091034730810184
8.98989898989899 0.09384727241670915
9.19191919191919 0.48315110770332437
9.393939393939394 0.18808294923340974
9.595959595959595 -0.4431209142830982
9.7979797979798 -0.7369864927631954
10.0 -0.5812161348647542
