-5.7963051137659605 9.053917870675388 -12.040727821661088
5.332948992118283 2.5544662732064225 8.566478560322558
3.0263243731732707 4.809947801750351 11.0448468873091
-6.622082445548991 6.868072153104624 -2.756550979323601
-0.5410470994992238 5.398766846911617 -8.738450725694559
1.6250774350130364 -7.043913403738036 -4.470327802654698
4.579469919323023 7.595652864871276 -10.389333937633946
6.013496799832847 7.741192399712407 -14.048403711353643
3.735682273398295 8.508961697703548 -5.011889384501201
-1.7128109408112984 8.04418006543299 6.213381941826244
6.615934289379684 1.4900317524362414 -6.626866488604744
2.464791855108693 -8.133480449493277 -10.678185132475814
-7.954723665308481 5.044773671042034 -8.105704194743538
2.244616880627717 -5.279174444299515 2.0668289039332577
-5.073068413344375 -1.6918181224100408 -3.0824156558301103
-2.245926099840627 8.349799996435113 11.435516400604067
-3.55766200259652 -5.918407922313136 9.398828421362598
-9.424909238240936 -4.369492424508605 -13.300376496499224
-3.358277425113738 6.891345566269525 11.635434303149188
-5.232285711931802 6.853767043861939 -2.950640393282533
-1.1429717234428765 -9.025843160427593 -6.345235158119707
-7.598024122865851 -0.04133576512861481 -7.281798012342766
-0.5580284002175713 -8.070762984677412 -10.59375167093832
-1.7595274358503374 0.4372950836747904 2.6365370204527423
0.4762260731119632 9.606802119490705 0.4377977269331311
1.205003441274421 -4.4149660756800095 5.208903734196888
7.639006310639946 -5.153064259041679 0.09603242605713658
-4.014437333768283 3.2030367152894197 -7.141023197542457
2.0254958405146724 5.021827978786813 3.281030610354362
9.58442839478063 5.049010986943088 7.574591999945525
4.876766129613708 -9.310275869285473 10.604336855783174
0.9744432569608446 -9.777678980375653 -6.228613525687614
4.529216905744054 0.916847723340318 1.2662757697168223
6.511707289384148 -3.7113128457048017 10.3078785638642
-6.298126540496742 -7.555086088233343 11.069415743516064
9.197950154229147 9.72329771061301 11.368361638490711
-3.0662773493276347 5.739650196356267 -4.2659740339441345
6.8662149076370795 4.551121847640269 -13.37635983720615
7.632319401668891 -8.208578981041406 -5.872880059606984
6.732988173395981 -8.50577163628996 5.850403493964544
-6.793384052410046 2.9376803988759264 -4.499214491172879
-1.2523804318431822 3.327410714301905 -7.15700317717995
-9.379455435644019 7.201021071404906 -3.6112609194120275
8.30179515892743 -6.235526404427727 11.638580008837971
8.76220218215822 -0.4498468822872681 -12.501416984701958
3.336058107144641 0.4258229330483978 -7.83640941460879
8.849490045150201 6.550800277082832 2.17397436027555
-0.8918912306510016 -6.497331366320442 -8.39362798675937
-2.5243715759334817 -6.96032579207116 2.2649257554833424
6.1738444141317075 9.910519298106877 4.8781301007184
-2.5990281771476864 1.5384180241546712 -13.980162646555303
5.862226307205404 -8.990267798037017 11.306847246341814
-4.551597837769563 1.3622831621615248 -8.535139387098365
1.799484785131618 -6.39119264916129 -12.794042268719162
0.42062126907354624 9.125768750549657 -7.080680820986798
5.96608494878857 9.749305639488803 11.708786810564845
3.406804428895512 3.446791930952209 4.321709840237697
6.063856812931931 7.959598585425379 -9.795496800159496
-1.022235584808655 -1.906743641152806 9.929643783540808
3.7557395391943853 1.984537638191842 -4.623213891485533
4.276283558004064 -7.470820454729816 5.045453878957545
5.178215046706146 9.100901237627454 -2.5513150143073218
8.980769872481787 7.120881772944369 10.698905994109156
5.720042167124328 -9.079254438101794 12.119773979309796
8.278356271790656 -6.960201774112749 -11.310537607717098
4.05028828005654 -2.168090162214078 1.6175308200357414
7.340573713112036 -7.700177572513425 -8.035755791308292
3.0162127629904507 9.553522526901755 7.603091800646491
1.880639671161351 7.313178314105599 -3.6110232920842096
2.753674361856726 7.148169444356554 -4.664927582740399
9.895554296572215 5.313658243077233 -2.8880551994014225
3.2026206088411016 7.428049558114726 -4.669695312092286
2.6606936029698396 1.8527396089499621 -2.3606324747788023
-0.5258206804699164 -0.26026940878698923 13.249199626227686
-6.194359630955619 6.51020687934858 -11.474152193429514
9.958952998013029 8.20331681584831 3.9592751414242144
-4.99637130894164 2.1972458070633376 2.536348284999484
-7.584546482685579 -2.1638305451883237 3.625509047320807
6.445182043014761 4.846171806791212 -5.311758298536714
8.125498836554296 -1.5394609156824774 -7.914365815095994
-9.806232443262665 -7.182930153013702 10.58771599495332
-4.968887960276398 4.684792950372588 11.014832225274251
-9.732652441610341 -4.338010711269254 2.197320816609038
-2.549494787989719 -9.788352647172562 8.03059221331841
-9.467586925363989 -7.002566751944716 -9.910549727293011
7.317203733969247 -4.600584548322959 -3.593696456471638
-0.9161852409604254 5.178020931049893 -4.47369572358008
6.332971741153049 -5.723754065688347 10.961811492895526
-1.146397081449571 -7.364152915889585 0.8431072694594869
0.6659159112764073 4.702378398998528 -8.089455627471436
6.9783747026569 1.8447400197517911 -0.8157556531879854
-3.8485048364247536 4.857472457891511 -2.3986580397702943
-1.0637715821070124 5.32900496834535 -6.11751688204422
-7.624305831571374 4.431339091547775 11.94048751727464
6.159067815387978 3.120093516638409 -8.323613876612075
4.536255877565091 6.580150031049207 5.337910154351751
5.473284912300132 6.02779580698618 -5.465744080780732
-4.556399927788705 -5.7932374264805375 11.717106360747007
9.395042070103884 -6.30679492810663 -6.54796954489766
-5.591217491592353 -5.580424510066528 -12.979166576546858
