-10.0 1.106579077235751
-9.797979797979798 1.562846269780408
-9.595959595959595 1.2248256774352257
-9.393939393939394 -0.5288011898247799
-9.191919191919192 -0.9204420497034136
-8.98989898989899 -0.8410014636388694
-8.787878787878787 -1.3059557780691717
-8.585858585858587 -0.7565631763895175
-8.383838383838384 -0.822182586205565
-8.181818181818182 -0.44688827748244964
-7.979797979797979 -1.2599223697839959
-7.777777777777778 0.07713027443643794
-7.575757575757576 -1.7810511624466763
-7.373737373737374 -1.3330876098198896
-7.171717171717171 -0.3196902241225139
-6.96969696969697 -1.7523964340946772
-6.767676767676768 -0.867159982078012
-6.565656565656566 -1.2564955218723315
-6.363636363636363 0.9604762411077284
-6.161616161616162 -0.385072151715681
-5.959595959595959 0.26219762571620137
-5.757575757575758 -0.3103114395529756
-5.555555555555555 0.0076871561355476015
-5.353535353535354 1.6101141899429103
-5.151515151515151 2.092904295212275
-4.94949494949495 1.7115054195656465
-4.747474747474747 0.9729535288789054
-4.545454545454546 1.7250506102362186
-4.343434343434343 0.5932446819565546
-4.141414141414142 1.7732174249197166
-3.9393939393939394 0.14185588854208098
-3.737373737373738 0.5888420881220251
-3.5353535353535355 -0.06776175035005427
-3.333333333333333 0.14899949129116885
-3.1313131313131315 -0.8071247909424015
-2.929292929292929 0.21721671748483204
-2.7272727272727275 0.3986176297426559
-2.525252525252525 0.3978355619315359
-2.3232323232323235 -0.6434963389856673
-2.121212121212121 -1.554153992081194
-1.9191919191919187 -1.5115463584056597
-1.717171717171718 -1.3369108102349465
-1.5151515151515156 -1.586819435496706
-1.3131313131313131 -2.025782636218424
-1.1111111111111107 -1.9804231987638328
-0.9090909090909101 -0.13700189506496008
-0.7070707070707076 -0.26523652957911414
-0.5050505050505052 0.060656867191481056
-0.30303030303030276 0.5953480464137326
-0.10101010101010033 0.49617195412602116
0.10101010101010033 -0.5354582824319729
0.30303030303030276 1.1670399021850624
0.5050505050505052 0.3949546622475087
0.7070707070707076 0.4109414534374899
0.9090909090909083 -0.40689178774666557
1.1111111111111107 0.11557887393260735
1.3131313131313131 0.6859069269989574
1.5151515151515156 2.182027556042128
1.7171717171717162 1.0277822788787732
1.9191919191919187 -0.1492023219776908
2.121212121212121 1.2882686005638742
2.3232323232323235 0.1850778853826176
2.525252525252524 -0.5185786496368221
2.7272727272727266 1.5553469015533934
2.929292929292929 -0.17120102838281667
3.1313131313131315 0.5850252339705326
3.333333333333334 -0.3146045677711279
3.5353535353535346 -0.3062439066148364
3.737373737373737 -0.27382001728933636
3.9393939393939394 -1.3371625043075348
4.141414141414142 -1.4326154991963813
4.3434343434343425 -2.1146800589104338
4.545454545454545 -0.4075958306080095
4.747474747474747 -1.3455773865267693
4.94949494949495 -0.2892966247161354
5.1515151515151505 0.06459695865671766
5.353535353535353 -1.822522524576848
5.555555555555555 -0.9179771413620156
5.757575757575758 -0.8745099422472986
5.9595959595959584 -0.17136428901613732
6.161616161616163 0.8619029838242525
6.363636363636363 -0.2502103268924725
6.565656565656564 -0.11450746645669779
6.767676767676768 0.19466073268704348
6.969696969696969 1.6576617621268368
7.171717171717173 0.6108082507095332
7.373737373737374 0.6679193842912591
7.575757575757574 1.2940867196702457
7.777777777777779 0.6457467321076376
7.979797979797979 2.158633425243152
8.18181818181818 0.7599955651015973
8.383838383838384 1.364487851264237
8.585858585858585 1.916252654338769
8.787878787878789 -0.4980003958496706
8.98989898989899 1.1240386720359963
9.19191919191919 0.38195619152749016
9.393939393939394 0.3554550698693928
9.595959595959595 0.8167717372249141
9.7979797979798 -0.35489786058259126
10.0 -0.5266279751332592
