-10.0 0.443477416431739
-9.797979797979798 0.08843761217831786
-9.595959595959595 0.151528871090645
-9.393939393939394 -0.19721229919382818
-9.191919191919192 -0.4518776898370353
-8.98989898989899 -0.31799437699459887
-8.787878787878787 -0.8023696737171326
-8.585858585858587 -0.8776125998993202
-8.383838383838384 -0.8211256340154267
-8.181818181818182 -1.1493167950902765
-7.979797979797979 -0.7596551960409507
-7.777777777777778 -1.1669489044686423
-7.575757575757576 -0.9101368636110954
-7.373737373737374 -0.902317105315334
-7.171717171717171 -0.9128181080381208
-6.96969696969697 -0.5782442090047375
-6.767676767676768 -0.5939559556659927
-6.565656565656566 -0.19014374503758646
-6.363636363636363 -0.11939429544640277
-6.161616161616162 0.1974742791924149
-5.959595959595959 0.3709499251217394
-5.757575757575758 0.5120695320600992
-5.555555555555555 0.5613132723262912
-5.353535353535354 0.5741136490449976
-5.151515151515151 0.829583876006955
-4.94949494949495 0.9558064323252067
-4.747474747474747 0.9484348561221427
-4.545454545454546 1.0319316782099819
-4.343434343434343 0.8717476543928746
-4.141414141414142 0.7853852332885546
-3.9393939393939394 0.966718878951894
-3.737373737373738 0.37726317325764935
-3.5353535353535355 0.17399852734233642
-3.333333333333333 0.0981676530120621
-3.1313131313131315 0.20328066346983759
-2.929292929292929 -0.42684006010651365
-2.7272727272727275 -0.39353308141610505
-2.525252525252525 -0.7515838705785391
-2.3232323232323235 -0.6558583945641514
-2.121212121212121 -0.5827183940770783
-1.9191919191919187 -0.6751199688681483
-1.717171717171718 -1.0022549287190623
-1.5151515151515156 -0.8312763800478409
-1.3131313131313131 -1.2177994640015015
-1.1111111111111107 -1.0357502193173767
-0.9090909090909101 -0.5309385080152726
-0.7070707070707076 -0.7027912978917537
-0.5050505050505052 -0.7115410700893586
-0.30303030303030276 -0.5097852646538594
-0.10101010101010033 -0.13652207516267084
0.10101010101010033 0.21437819902107152
0.30303030303030276 0.07863057170507542
0.5050505050505052 0.42497165018780525
0.7070707070707076 0.3733107580504188
0.9090909090909083 0.5858914807607392
1.1111111111111107 1.1586392692485221
1.3131313131313131 0.9596562502755296
1.5151515151515156 1.0095931655475732
1.7171717171717162 1.1757554167927962
1.9191919191919187 1.0572488002234497
2.121212121212121 0.6274237245690363
2.3232323232323235 0.9140543061070663
2.525252525252524 0.8264296220616906
2.7272727272727266 0.4642461562056241
2.929292929292929 0.36181357901848565
3.1313131313131315 0.01988415427460932
3.333333333333334 -0.304807310941548
3.5353535353535346 -0.3609878293717588
3.737373737373737 -0.4280386986182363
3.9393939393939394 -0.8216754436671967
4.141414141414142 -0.6574081543068523
4.3434343434343425 -0.823938624420966
4.545454545454545 -0.7011348917461075
4.747474747474747 -0.8606960757930173
4.94949494949495 -1.0214102044251196
5.1515151515151505 -1.1918734817941183
5.353535353535353 -1.0345872848565678
5.555555555555555 -0.9625240902573615
5.757575757575758 -0.6869175264849701
5.9595959595959584 -0.14189224984048654
6.161616161616163 0.05278908604304873
6.363636363636363 -0.2149023680345702
6.565656565656564 0.235619335748516
6.767676767676768 0.3783128681402199
6.969696969696969 0.8133818619312309
7.171717171717173 0.7874688811293927
7.373737373737374 0.9853880909139334
7.575757575757574 0.745451615747952
7.777777777777779 0.811595729495735
7.979797979797979 1.0677645216060083
8.18181818181818 1.1601286239088684
8.383838383838384 0.5719678508465411
8.585858585858585 0.902826486395003
8.787878787878789 0.3622501974492441
8.98989898989899 0.32499996155773403
9.19191919191919 0.4623383099419792
9.393939393939394 -0.04373148251046102
9.595959595959595 -0.12315542263132584
9.7979797979798 -0.5045319919052064
10.0 -0.2661125304293219
