-5.7963051137659605 9.053917870675388 -6.499877797923151
5.332948992118283 2.5544662732064225 9.604052756925094
3.0263243731732707 4.809947801750351 -5.571190967787577
-6.622082445548991 6.868072153104624 3.651493122098868
-0.5410470994992238 5.398766846911617 -9.717849824922956
1.6250774350130364 -7.043913403738036 3.2710762193529552
4.579469919323023 7.595652864871276 -4.948764715168305
6.013496799832847 7.741192399712407 1.396274632586634
3.735682273398295 8.508961697703548 6.918463939713337
-1.7128109408112984 8.04418006543299 7.83926459443747
6.615934289379684 1.4900317524362414 -4.415153209113471
2.464791855108693 -8.133480449493277 7.819677093934973
-7.954723665308481 5.044773671042034 7.212073644537448
2.244616880627717 -5.279174444299515 1.770461330644721
-5.073068413344375 -1.6918181224100408 2.4966047089095342
-2.245926099840627 8.349799996435113 0.06431591954614324
-3.55766200259652 -5.918407922313136 0.4268489219896021
-9.424909238240936 -4.369492424508605 -4.397581036923457
-3.358277425113738 6.891345566269525 -5.132043725656454
-5.232285711931802 6.853767043861939 -4.0476328141862865
-1.1429717234428765 -9.025843160427593 7.413836934173828
-7.598024122865851 -0.04133576512861481 5.370242109511518
-0.5580284002175713 -8.070762984677412 7.020641706009513
-1.7595274358503374 0.4372950836747904 6.82837894197081
0.4762260731119632 9.606802119490705 1.0019851395306132
1.205003441274421 -4.4149660756800095 9.284296251773268
7.639006310639946 -5.153064259041679 -1.937830592775575
-4.014437333768283 3.2030367152894197 10.70552978409459
2.0254958405146724 5.021827978786813 2.873533286313945
9.58442839478063 5.049010986943088 9.551574750746246
4.876766129613708 -9.310275869285473 -6.978161697492873
0.9744432569608446 -9.777678980375653 0.3697662380382538
4.529216905744054 0.916847723340318 -0.12735423353400477
6.511707289384148 -3.7113128457048017 -5.435097798093161
-6.298126540496742 -7.555086088233343 -1.6089486693072501
9.197950154229147 9.72329771061301 -5.167901846212821
-3.0662773493276347 5.739650196356267 -8.459331214388238
6.8662149076370795 4.551121847640269 -0.16415339105961735
7.632319401668891 -8.208578981041406 7.308439340652277
6.732988173395981 -8.50577163628996 3.7250274185178243
-6.793384052410046 2.9376803988759264 -2.763587380723214
-1.2523804318431822 3.327410714301905 6.845196061278681
-9.379455435644019 7.201021071404906 -2.7164469141058114
8.30179515892743 -6.235526404427727 -4.831367571203914
8.76220218215822 -0.4498468822872681 7.381901625371312
3.336058107144641 0.4258229330483978 7.87534564247527
8.849490045150201 6.550800277082832 -1.762670515079347
-0.8918912306510016 -6.497331366320442 10.311934954777367
-2.5243715759334817 -6.96032579207116 7.328948076902637
6.1738444141317075 9.910519298106877 -1.7317519998666644
-2.5990281771476864 1.5384180241546712 0.21378041149268145
5.862226307205404 -8.990267798037017 7.1296896249701245
-4.551597837769563 1.3622831621615248 2.5771359707299086
1.799484785131618 -6.39119264916129 -4.33703382641815
0.42062126907354624 9.125768750549657 6.986200601610429
5.96608494878857 9.749305639488803 5.472939940493743
3.406804428895512 3.446791930952209 -10.00085193851932
6.063856812931931 7.959598585425379 5.073907274940436
-1.022235584808655 -1.906743641152806 -7.024516326329074
3.7557395391943853 1.984537638191842 0.3205872372576384
4.276283558004064 -7.470820454729816 -5.470937494839578
5.178215046706146 9.100901237627454 -10.878138439997832
8.980769872481787 7.120881772944369 8.956871967364854
5.720042167124328 -9.079254438101794 5.658216610516298
8.278356271790656 -6.960201774112749 -10.771877961534118
4.05028828005654 -2.168090162214078 -6.165377250442587
7.340573713112036 -7.700177572513425 -8.222988379668331
3.0162127629904507 9.553522526901755 -6.395502455482877
1.880639671161351 7.313178314105599 6.147904146286478
2.753674361856726 7.148169444356554 0.7579389807265728
9.895554296572215 5.313658243077233 -2.988316111643639
3.2026206088411016 7.428049558114726 -0.018678585269560934
2.6606936029698396 1.8527396089499621 -7.317360870098412
-0.5258206804699164 -0.26026940878698923 3.724363848576213
-6.194359630955619 6.51020687934858 10.138506403042616
9.958952998013029 8.20331681584831 -7.775140421634855
-4.99637130894164 2.1972458070633376 -1.901293157049217
-7.584546482685579 -2.1638305451883237 7.897743655300915
6.445182043014761 4.846171806791212 -1.3096094855844629
8.125498836554296 -1.5394609156824774 -1.6687164104195629
-9.806232443262665 -7.182930153013702 9.507115902698411
-4.968887960276398 4.684792950372588 6.054142737104724
-9.732652441610341 -4.338010711269254 2.9614547894686383
-2.549494787989719 -9.788352647172562 10.626202970989587
-9.467586925363989 -7.002566751944716 -2.7777124617323428
7.317203733969247 -4.600584548322959 -9.142242394012571
-0.9161852409604254 5.178020931049893 -4.756165127603094
6.332971741153049 -5.723754065688347 -0.6970436006989871
-1.146397081449571 -7.364152915889585 10.793235777499106
0.6659159112764073 4.702378398998528 4.8600780333237905
6.9783747026569 1.8447400197517911 8.774939236714767
-3.8485048364247536 4.857472457891511 -8.800150726189578
-1.0637715821070124 5.32900496834535 -0.4774511860497288
-7.624305831571374 4.431339091547775 -9.844201527989103
6.159067815387978 3.120093516638409 -3.9324907087062075
4.536255877565091 6.580150031049207 0.543854674855006
5.473284912300132 6.02779580698618 3.7961021462203726
-4.556399927788705 -5.7932374264805375 -0.5988804923237354
9.395042070103884 -6.30679492810663 -5.115637319181064
-5.591217491592353 -5.580424510066528 -9.057077687107178
