-10.0 -0.10500142838801751
-9.797979797979798 0.32809921861944746
-9.595959595959595 0.014889838840133673
-9.393939393939394 0.20796084777465218
-9.191919191919192 0.2567559826844273
-8.98989898989899 -0.9724014438985777
-8.787878787878787 -0.6318102662279058
-8.585858585858587 -1.3645908291749635
-8.383838383838384 -0.7643175270166307
-8.181818181818182 -1.133508986299938
-7.979797979797979 -1.5785097139223279
-7.777777777777778 -0.4860858998678943
-7.575757575757576 -1.723535030462029
-7.373737373737374 -1.4553494507171916
-7.171717171717171 -1.398691783836039
-6.96969696969697 -0.9918344377534642
-6.767676767676768 -0.852894979346167
-6.565656565656566 0.03844464644302242
-6.363636363636363 0.03842655594531326
-6.161616161616162 0.6030964759835449
-5.959595959595959 0.7607671445932767
-5.757575757575758 0.4745775230543954
-5.555555555555555 0.8204778992336821
-5.353535353535354 0.5723358486489191
-5.151515151515151 0.9907359440320136
-4.94949494949495 0.2124032425082284
-4.747474747474747 1.3092531774834129
-4.545454545454546 1.4812228969869976
-4.343434343434343 1.7308199849957495
-4.141414141414142 1.5908136041335308
-3.9393939393939394 1.0937876468434005
-3.737373737373738 -0.17746107093230112
-3.5353535353535355 -0.39265914838073057
-3.333333333333333 0.6919530865704383
-3.1313131313131315 -0.597606081176658
-2.929292929292929 -0.34311339369078997
-2.7272727272727275 -1.1787941951145693
-2.525252525252525 -0.9642250716437577
-2.3232323232323235 -0.46209884513746
-2.121212121212121 -1.019688936591371
-1.9191919191919187 -1.0273189942551713
-1.717171717171718 -0.5161734612859787
-1.5151515151515156 -1.0053068815525772
-1.3131313131313131 -0.4655758455673261
-1.1111111111111107 -0.6011029631364582
-0.9090909090909101 0.006044868912743695
-0.7070707070707076 -0.8500338259706739
-0.5050505050505052 -0.37711603470846417
-0.30303030303030276 -0.5164533877326081
-0.10101010101010033 0.4050832856928374
0.10101010101010033 -0.33462013659694234
0.30303030303030276 0.82373858562262
0.5050505050505052 0.6641021197528847
0.7070707070707076 1.3230682477341118
0.9090909090909083 0.20112958297683647
1.1111111111111107 0.7947665483035151
1.3131313131313131 0.37106696622804625
1.5151515151515156 0.9971288651396306
1.7171717171717162 0.23336707410432966
1.9191919191919187 1.7389449024624057
2.121212121212121 0.7683672100978767
2.3232323232323235 0.23563195399827874
2.525252525252524 0.9808832100341338
2.7272727272727266 -0.26252882897948865
2.929292929292929 0.3700538566949927
3.1313131313131315 0.7895712702053861
3.333333333333334 -0.67587231522544
3.5353535353535346 -0.9346999737967148
3.737373737373737 -1.2595206549820608
3.9393939393939394 -1.4103320267980641
4.141414141414142 -0.4582182313098655
4.3434343434343425 -1.3965913610904188
4.545454545454545 -1.6537474563217103
4.747474747474747 -0.7371412827643359
4.94949494949495 -0.3535646340591537
5.1515151515151505 -1.6322089275590297
5.353535353535353 -0.08283152297089813
5.555555555555555 -0.14233342354726086
5.757575757575758 -0.9016530839474162
5.9595959595959584 0.05199766378981052
6.161616161616163 -0.004124512148010448
6.363636363636363 0.40774018474809076
6.565656565656564 -0.30867565851219075
6.767676767676768 0.21170376165790866
6.969696969696969 -0.011589038468762358
7.171717171717173 0.9297461239351692
7.373737373737374 0.518640269968667
7.575757575757574 1.5365059800235952
7.777777777777779 1.1110250438226956
7.979797979797979 1.676317032912834
8.18181818181818 1.3218723145621312
8.383838383838384 0.9514204529465953
8.585858585858585 0.3621394158914896
8.787878787878789 0.6965930242890878
8.98989898989899 0.5228374486892879
9.19191919191919 0.3585240096572103
9.393939393939394 -0.14491055412491194
9.595959595959595 0.40079465434612965
9.7979797979798 -1.0813390128940288
10.0 0.06776501387985201
