-10.0 1.169223760203129
-9.797979797979798 0.11284276020832429
-9.595959595959595 -0.018856559577917154
-9.393939393939394 0.6237255083410648
-9.191919191919192 -0.889654158212118
-8.98989898989899 -0.7946280625371049
-8.787878787878787 -0.49010202563068317
-8.585858585858587 -0.4415607982915134
-8.383838383838384 -0.21920929195385186
-8.181818181818182 -1.4543388823098726
-7.979797979797979 -1.495120775504362
-7.777777777777778 -0.5031531205914904
-7.575757575757576 -1.6303683976212935
-7.373737373737374 -0.9638682462345137
-7.171717171717171 -0.25431450697937763
-6.96969696969697 -0.7514305477552657
-6.767676767676768 -0.44158149038982236
-6.565656565656566 -0.47105401541192643
-6.363636363636363 -0.5345495669249396
-6.161616161616162 0.23932686230963907
-5.959595959595959 -0.24253652538202092
-5.757575757575758 0.9032322528810411
-5.555555555555555 0.0045319012371016765
-5.353535353535354 0.70095537098565
-5.151515151515151 1.13681511585673
-4.94949494949495 0.42354395337875195
-4.747474747474747 1.5220326536720714
-4.545454545454546 0.8488369096766896
-4.343434343434343 1.2918342446529287
-4.141414141414142 0.24023824629801938
-3.9393939393939394 0.5683688286040496
-3.737373737373738 1.144623800011551
-3.5353535353535355 0.26457518531109836
-3.333333333333333 -0.3454087971928166
-3.1313131313131315 0.14961343309797687
-2.929292929292929 0.40777924994458525
-2.7272727272727275 -0.9095942491381442
-2.525252525252525 -0.9136742967748788
-2.3232323232323235 -1.2122773460634657
-2.121212121212121 -0.7964620705007859
-1.9191919191919187 -1.249224383820898
-1.717171717171718 -1.3299141757735358
-1.5151515151515156 -1.2935302792715289
-1.3131313131313131 -1.4405898228877438
-1.1111111111111107 -0.8494297701209496
-0.9090909090909101 -1.4330860296536625
-0.7070707070707076 -0.3327170455432368
-0.5050505050505052 -0.43472864578416154
-0.30303030303030276 -0.5711407851427803
-0.10101010101010033 -0.5756153597226998
0.10101010101010033 -0.0030994829992593703
0.30303030303030276 0.44267825130139765
0.5050505050505052 0.8815596618132491
0.7070707070707076 0.1544613292362681
0.9090909090909083 0.9113764528637278
1.1111111111111107 0.36696394848030633
1.3131313131313131 0.8872998896707127
1.5151515151515156 0.5590070001958848
1.7171717171717162 1.393934223097808
1.9191919191919187 0.9611091925935038
2.121212121212121 1.0431285554820298
2.3232323232323235 0.10772166341009592
2.525252525252524 0.49777573582136103
2.7272727272727266 -0.13877286420923712
2.929292929292929 0.38079264240695976
3.1313131313131315 0.21919504153819386
3.333333333333334 0.16918690304594675
3.5353535353535346 -0.9471661928389605
3.737373737373737 -0.4096251990448171
3.9393939393939394 -0.3862512230968894
4.141414141414142 -0.2828671022786088
4.3434343434343425 -1.5087255854587278
4.545454545454545 -1.230193090234803
4.747474747474747 -0.3496820513889787
4.94949494949495 -0.5485569620270816
5.1515151515151505 -0.4033032453095199
5.353535353535353 -0.6548414536976447
5.555555555555555 -1.129150314491301
5.757575757575758 -1.1203530965218405
5.9595959595959584 -0.4292043953918474
6.161616161616163 0.17691791135709733
6.363636363636363 0.5452144326967658
6.565656565656564 -0.1118877053673955
6.767676767676768 0.4052064995878974
6.969696969696969 0.14584535322045672
7.171717171717173 0.809626578282408
7.373737373737374 0.33695769644163076
7.575757575757574 1.3355650229290466
7.777777777777779 0.3926451913828285
7.979797979797979 1.4318871157625357
8.18181818181818 1.3223371657066685
8.383838383838384 1.1299494320096237
8.585858585858585 0.16861129118661533
8.787878787878789 -0.05225721212935086
8.98989898989899 0.945993020149843
9.19191919191919 -0.18726382138764916
9.393939393939394 -0.3234964818481545
9.595959595959595 -0.12332020589622689
9.7979797979798 -0.5244003384938587
10.0 -1.0202862879408237
