-5.7963051137659605 9.053917870675388 -0.32655261038814504
5.332948992118283 2.5544662732064225 1.0526796767615736
3.0263243731732707 4.809947801750351 -1.3742010148792199
-6.622082445548991 6.868072153104624 -4.6163693016493355
-0.5410470994992238 5.398766846911617 1.960245833072771
1.6250774350130364 -7.043913403738036 -3.3521073085202264
4.579469919323023 7.595652864871276 -0.471286028612972
6.013496799832847 7.741192399712407 -0.8781511319269748
3.735682273398295 8.508961697703548 -1.0973364389837421
-1.7128109408112984 8.04418006543299 -0.06662662673680875
6.615934289379684 1.4900317524362414 4.789200552843919
2.464791855108693 -8.133480449493277 -1.3636538534862699
-7.954723665308481 5.044773671042034 4.505103291110369
2.244616880627717 -5.279174444299515 -1.4682161162575649
-5.073068413344375 -1.6918181224100408 3.0511645345236023
-2.245926099840627 8.349799996435113 -2.13684152348277
-3.55766200259652 -5.918407922313136 3.182663501385156
-9.424909238240936 -4.369492424508605 4.309012665384492
-3.358277425113738 6.891345566269525 3.499354934416913
-5.232285711931802 6.853767043861939 3.873001966592088
-1.1429717234428765 -9.025843160427593 -4.461206589493971
-7.598024122865851 -0.04133576512861481 1.317425645286327
-0.5580284002175713 -8.070762984677412 3.574093116093352
-1.7595274358503374 0.4372950836747904 2.1916635200188415
0.4762260731119632 9.606802119490705 -1.2007199443971546
1.205003441274421 -4.4149660756800095 4.982246098032049
7.639006310639946 -5.153064259041679 4.984687555858908
-4.014437333768283 3.2030367152894197 -0.27903799623128517
2.0254958405146724 5.021827978786813 0.2768809678689028
9.58442839478063 5.049010986943088 3.833247977700922
4.876766129613708 -9.310275869285473 -3.2983398685643324
0.9744432569608446 -9.777678980375653 3.148892108874724
4.529216905744054 0.916847723340318 0.4832644495739935
6.511707289384148 -3.7113128457048017 -1.988101330279358
-6.298126540496742 -7.555086088233343 4.768479745743653
9.197950154229147 9.72329771061301 -1.706395661924482
-3.0662773493276347 5.739650196356267 -1.7153824652884273
6.8662149076370795 4.551121847640269 -4.715940925216469
7.632319401668891 -8.208578981041406 -5.0707411767096735
6.732988173395981 -8.50577163628996 4.426388144572942
-6.793384052410046 2.9376803988759264 -3.302743879215707
-1.2523804318431822 3.327410714301905 3.231751674355493
-9.379455435644019 7.201021071404906 4.026155331496936
8.30179515892743 -6.235526404427727 4.606325122776404
8.76220218215822 -0.4498468822872681 2.8261200469572714
3.336058107144641 0.4258229330483978 -1.8888980200891756
8.849490045150201 6.550800277082832 -2.9047660552938463
-0.8918912306510016 -6.497331366320442 1.1494294279958934
-2.5243715759334817 -6.96032579207116 -3.4429155981727924
6.1738444141317075 9.910519298106877 4.278663461077343
-2.5990281771476864 1.5384180241546712 1.0394276796396422
5.862226307205404 -8.990267798037017 -3.0755926784592744
-4.551597837769563 1.3622831621615248 -1.4797304798762365
1.799484785131618 -6.39119264916129 -1.3786527967136213
0.42062126907354624 9.125768750549657 -1.2479346781079976
5.96608494878857 9.749305639488803 3.4928277381483626
3.406804428895512 3.446791930952209 -1.0948175324087488
6.063856812931931 7.959598585425379 -2.6139157950364362
-1.022235584808655 -1.906743641152806 -1.2377007608158865
3.7557395391943853 1.984537638191842 2.7459856792384993
4.276283558004064 -7.470820454729816 -0.1511847249812086
5.178215046706146 9.100901237627454 -2.043858603178874
8.980769872481787 7.120881772944369 1.9604346867896467
5.720042167124328 -9.079254438101794 2.5027900533544054
8.278356271790656 -6.960201774112749 -3.2102178082262274
4.05028828005654 -2.168090162214078 4.519685175989053
7.340573713112036 -7.700177572513425 -3.207817651070461
3.0162127629904507 9.553522526901755 3.6450703116215926
1.880639671161351 7.313178314105599 3.9155754494938186
2.753674361856726 7.148169444356554 4.003299200301808
9.895554296572215 5.313658243077233 4.584819298044221
3.2026206088411016 7.428049558114726 3.8214453378858093
2.6606936029698396 1.8527396089499621 3.4780606725811016
-0.5258206804699164 -0.26026940878698923 3.89434422658886
-6.194359630955619 6.51020687934858 -3.0770578172268546
9.958952998013029 8.20331681584831 0.3488873377464897
-4.99637130894164 2.1972458070633376 0.6481195540075264
-7.584546482685579 -2.1638305451883237 4.46469537094271
6.445182043014761 4.846171806791212 -0.01819130782744552
8.125498836554296 -1.5394609156824774 1.23434778207825
-9.806232443262665 -7.182930153013702 0.034293324381699464
-4.968887960276398 4.684792950372588 -2.1706226682151044
-9.732652441610341 -4.338010711269254 -4.068129783506825
-2.549494787989719 -9.788352647172562 2.895780597290083
-9.467586925363989 -7.002566751944716 4.2451255273191135
7.317203733969247 -4.600584548322959 -0.4318971549741094
-0.9161852409604254 5.178020931049893 3.6217331962458994
6.332971741153049 -5.723754065688347 0.9229919763835233
-1.146397081449571 -7.364152915889585 -2.908215739817534
0.6659159112764073 4.702378398998528 -1.7605229629271446
6.9783747026569 1.8447400197517911 1.272458469489059
-3.8485048364247536 4.857472457891511 2.6334491463445935
-1.0637715821070124 5.32900496834535 2.6764197996126757
-7.624305831571374 4.431339091547775 -2.9677027434165377
6.159067815387978 3.120093516638409 -2.7688538138684358
4.536255877565091 6.580150031049207 -3.023429502539072
5.473284912300132 6.02779580698618 4.456212684557475
-4.556399927788705 -5.7932374264805375 -2.9247150937988464
9.395042070103884 -6.30679492810663 0.7315579837871323
-5.591217491592353 -5.580424510066528 5.122110973203358
