-5.7963051137659605 9.053917870675388 0.6362049181697136
5.332948992118283 2.5544662732064225 0.997943880216208
3.0263243731732707 4.809947801750351 -1.1395364631605196
-6.622082445548991 6.868072153104624 0.14499898280752993
-0.5410470994992238 5.398766846911617 0.26671572687438894
1.6250774350130364 -7.043913403738036 -1.5420038195528827
4.579469919323023 7.595652864871276 -0.9435150091519832
6.013496799832847 7.741192399712407 -0.34271009075155967
3.735682273398295 8.508961697703548 1.4738285914087457
-1.7128109408112984 8.04418006543299 -1.2320835333924922
6.615934289379684 1.4900317524362414 -0.7047981366984419
2.464791855108693 -8.133480449493277 -2.183789678122849
-7.954723665308481 5.044773671042034 2.0688069625262404
2.244616880627717 -5.279174444299515 -1.0174683619923655
-5.073068413344375 -1.6918181224100408 0.34010226076090566
-2.245926099840627 8.349799996435113 1.2684866515788271
-3.55766200259652 -5.918407922313136 -0.6860712587697568
-9.424909238240936 -4.369492424508605 -0.5649407834257918
-3.358277425113738 6.891345566269525 0.12681324142489936
-5.232285711931802 6.853767043861939 0.3698612312069372
-1.1429717234428765 -9.025843160427593 -0.8235514989462749
-7.598024122865851 -0.04133576512861481 0.18549651825052124
-0.5580284002175713 -8.070762984677412 2.0817461701648288
-1.7595274358503374 0.4372950836747904 0.1479947961765088
0.4762260731119632 9.606802119490705 1.030015415314812
1.205003441274421 -4.4149660756800095 2.1879353419658045
7.639006310639946 -5.153064259041679 -0.42195184820403764
-4.014437333768283 3.2030367152894197 1.217662318494841
2.0254958405146724 5.021827978786813 -1.3704681549388869
9.58442839478063 5.049010986943088 1.694228823580844
4.876766129613708 -9.310275869285473 -0.37017859886168625
0.9744432569608446 -9.777678980375653 0.9192400497868785
4.529216905744054 0.916847723340318 -1.3395086021381026
6.511707289384148 -3.7113128457048017 -0.040461260889793474
-6.298126540496742 -7.555086088233343 -0.11804455066312253
9.197950154229147 9.72329771061301 -1.320551835935375
-3.0662773493276347 5.739650196356267 -0.3245314279503042
6.8662149076370795 4.551121847640269 -0.7676579602663225
7.632319401668891 -8.208578981041406 -0.6173927561422146
6.732988173395981 -8.50577163628996 0.28372816039014365
-6.793384052410046 2.9376803988759264 1.7866476580560666
-1.2523804318431822 3.327410714301905 -0.18334000226861352
-9.379455435644019 7.201021071404906 -1.9396241218456232
8.30179515892743 -6.235526404427727 1.619304400325513
8.76220218215822 -0.4498468822872681 -2.009041058269125
3.336058107144641 0.4258229330483978 -0.9223964537897738
8.849490045150201 6.550800277082832 -0.22614611869040105
-0.8918912306510016 -6.497331366320442 -1.6933520787944814
-2.5243715759334817 -6.96032579207116 -0.8841451873994666
6.1738444141317075 9.910519298106877 1.4379695456411399
-2.5990281771476864 1.5384180241546712 0.6660886703692416
5.862226307205404 -8.990267798037017 1.634034216132714
-4.551597837769563 1.3622831621615248 1.4534992913833276
1.799484785131618 -6.39119264916129 -0.2943750294824505
0.42062126907354624 9.125768750549657 1.5869627130462614
5.96608494878857 9.749305639488803 -1.2598217051872345
3.406804428895512 3.446791930952209 -0.728827923035132
6.063856812931931 7.959598585425379 0.8944095720299698
-1.022235584808655 -1.906743641152806 1.4087848341022982
3.7557395391943853 1.984537638191842 -2.2120764015487566
4.276283558004064 -7.470820454729816 -0.501862797384941
5.178215046706146 9.100901237627454 0.5645220863517739
8.980769872481787 7.120881772944369 -0.5437981678038597
5.720042167124328 -9.079254438101794 -0.8161032018626413
8.278356271790656 -6.960201774112749 -0.007486889817623799
4.05028828005654 -2.168090162214078 1.516643351435731
7.340573713112036 -7.700177572513425 1.0575543974127894
3.0162127629904507 9.553522526901755 0.19051780302369997
1.880639671161351 7.313178314105599 -0.20309211119493842
2.753674361856726 7.148169444356554 -0.2939844268870185
9.895554296572215 5.313658243077233 1.3936125493442288
3.2026206088411016 7.428049558114726 -0.03798357962726221
2.6606936029698396 1.8527396089499621 -0.8277391128856537
-0.5258206804699164 -0.26026940878698923 -1.581963866222639
-6.194359630955619 6.51020687934858 0.3849163436387463
9.958952998013029 8.20331681584831 -0.8137974817944457
-4.99637130894164 2.1972458070633376 0.2609542203010575
-7.584546482685579 -2.1638305451883237 1.00836967402583
6.445182043014761 4.846171806791212 -1.4574418587835325
8.125498836554296 -1.5394609156824774 0.26688189177836086
-9.806232443262665 -7.182930153013702 -0.19882759580824255
-4.968887960276398 4.684792950372588 0.22279338727985087
-9.732652441610341 -4.338010711269254 -1.0805216105546824
-2.549494787989719 -9.788352647172562 -1.867423612674036
-9.467586925363989 -7.002566751944716 0.3919071218014529
7.317203733969247 -4.600584548322959 1.2453705169749925
-0.9161852409604254 5.178020931049893 1.891140760194524
6.332971741153049 -5.723754065688347 0.4293334129834305
-1.146397081449571 -7.364152915889585 -0.19044470073700182
0.6659159112764073 4.702378398998528 0.7915609427546927
6.9783747026569 1.8447400197517911 0.2618150864952634
-3.8485048364247536 4.857472457891511 -0.2648453481450249
-1.0637715821070124 5.32900496834535 -0.7018967463654038
-7.624305831571374 4.431339091547775 0.6592473330255458
6.159067815387978 3.120093516638409 1.2275853609564622
4.536255877565091 6.580150031049207 -1.116480632152749
5.473284912300132 6.02779580698618 -1.4835283324104989
-4.556399927788705 -5.7932374264805375 -1.0145889648182713
9.395042070103884 -6.30679492810663 -1.7160757313676018
-5.591217491592353 -5.580424510066528 1.2476681256694597
