-5.7963051137659605 9.053917870675388 -0.6956262943568154
5.332948992118283 2.5544662732064225 -2.4141150478009923
3.0263243731732707 4.809947801750351 2.0965898843423667
-6.622082445548991 6.868072153104624 -2.6636570357031863
-0.5410470994992238 5.398766846911617 7.490455893517919
1.6250774350130364 -7.043913403738036 -7.689444985752743
4.579469919323023 7.595652864871276 5.753986240001591
6.013496799832847 7.741192399712407 -4.850088740598078
3.735682273398295 8.508961697703548 -1.996496047887363
-1.7128109408112984 8.04418006543299 3.9486014596208747
6.615934289379684 1.4900317524362414 -1.2870749355295323
2.464791855108693 -8.133480449493277 1.5379320422722107
-7.954723665308481 5.044773671042034 -4.359000111775582
2.244616880627717 -5.279174444299515 -5.021365508085375
-5.073068413344375 -1.6918181224100408 4.702369280808456
-2.245926099840627 8.349799996435113 6.28082129329734
-3.55766200259652 -5.918407922313136 0.14029161600302362
-9.424909238240936 -4.369492424508605 5.961239914677843
-3.358277425113738 6.891345566269525 -6.922924279689986
-5.232285711931802 6.853767043861939 -4.500751332895052
-1.1429717234428765 -9.025843160427593 3.776980965957149
-7.598024122865851 -0.04133576512861481 5.363705698041033
-0.5580284002175713 -8.070762984677412 4.413286293703699
-1.7595274358503374 0.4372950836747904 6.788802687548557
0.4762260731119632 9.606802119490705 -1.0580710411167606
1.205003441274421 -4.4149660756800095 8.131232449584912
7.639006310639946 -5.153064259041679 0.46831795600185466
-4.014437333768283 3.2030367152894197 -4.251564853688826
2.0254958405146724 5.021827978786813 -3.2874592225137658
9.58442839478063 5.049010986943088 -0.8586507067970344
4.876766129613708 -9.310275869285473 4.331886054361122
0.9744432569608446 -9.777678980375653 5.898140160722297
4.529216905744054 0.916847723340318 -7.546461797649403
6.511707289384148 -3.7113128457048017 -7.226960449320163
-6.298126540496742 -7.555086088233343 -7.400170244212106
9.197950154229147 9.72329771061301 -6.392515321326855
-3.0662773493276347 5.739650196356267 -6.647925182367636
6.8662149076370795 4.551121847640269 6.314317648239843
7.632319401668891 -8.208578981041406 3.081897889474905
6.732988173395981 -8.50577163628996 2.9201533922286633
-6.793384052410046 2.9376803988759264 1.8219499561996566
-1.2523804318431822 3.327410714301905 5.082467245077332
-9.379455435644019 7.201021071404906 5.711863518583278
8.30179515892743 -6.235526404427727 0.025509340362537047
8.76220218215822 -0.4498468822872681 4.879552318293638
3.336058107144641 0.4258229330483978 1.7988086338262719
8.849490045150201 6.550800277082832 -0.2940249277329883
-0.8918912306510016 -6.497331366320442 2.1194626728227535
-2.5243715759334817 -6.96032579207116 -3.80810409204999
6.1738444141317075 9.910519298106877 4.666272186205023
-2.5990281771476864 1.5384180241546712 -5.469184988681102
5.862226307205404 -8.990267798037017 4.680678948097674
-4.551597837769563 1.3622831621615248 -6.4702416004581815
1.799484785131618 -6.39119264916129 -2.570323198187931
0.42062126907354624 9.125768750549657 6.560485088426997
5.96608494878857 9.749305639488803 -6.966633392960416
3.406804428895512 3.446791930952209 -5.083990278172259
6.063856812931931 7.959598585425379 -3.622007315382012
-1.022235584808655 -1.906743641152806 -3.43855466741606
3.7557395391943853 1.984537638191842 -6.421592104475792
4.276283558004064 -7.470820454729816 8.270960238705843
5.178215046706146 9.100901237627454 -3.0846756191236664
8.980769872481787 7.120881772944369 1.6593890343661561
5.720042167124328 -9.079254438101794 7.039232411165786
8.278356271790656 -6.960201774112749 -8.029413655768755
4.05028828005654 -2.168090162214078 6.651952556743078
7.340573713112036 -7.700177572513425 3.3661140343410483
3.0162127629904507 9.553522526901755 -5.733131951865938
1.880639671161351 7.313178314105599 2.246083724859946
2.753674361856726 7.148169444356554 7.676261228765684
9.895554296572215 5.313658243077233 6.577996765036323
3.2026206088411016 7.428049558114726 -4.7382559423364965
2.6606936029698396 1.8527396089499621 -3.5976552369826167
-0.5258206804699164 -0.26026940878698923 5.867233270003271
-6.194359630955619 6.51020687934858 -5.266974091418876
9.958952998013029 8.20331681584831 -2.3165827795651515
-4.99637130894164 2.1972458070633376 -2.9061933973882317
-7.584546482685579 -2.1638305451883237 5.182942363310381
6.445182043014761 4.846171806791212 -1.3521775148421553
8.125498836554296 -1.5394609156824774 -5.756831344331118
-9.806232443262665 -7.182930153013702 5.796432785940033
-4.968887960276398 4.684792950372588 -7.182449699302134
-9.732652441610341 -4.338010711269254 -3.1389713193805586
-2.549494787989719 -9.788352647172562 -6.258644088657613
-9.467586925363989 -7.002566751944716 6.934327120213586
7.317203733969247 -4.600584548322959 5.85919872859862
-0.9161852409604254 5.178020931049893 7.460074643102893
6.332971741153049 -5.723754065688347 2.4203498012212323
-1.146397081449571 -7.364152915889585 0.10487176475621085
0.6659159112764073 4.702378398998528 5.043884504737572
6.9783747026569 1.8447400197517911 6.614566813824269
-3.8485048364247536 4.857472457891511 -6.073236624616093
-1.0637715821070124 5.32900496834535 2.466140557145115
-7.624305831571374 4.431339091547775 1.4353150903355631
6.159067815387978 3.120093516638409 1.40711150659594
4.536255877565091 6.580150031049207 7.013738978188278
5.473284912300132 6.02779580698618 -1.063930863478
-4.556399927788705 -5.7932374264805375 7.473561998545939
9.395042070103884 -6.30679492810663 3.1192395735837186
-5.591217491592353 -5.580424510066528 -0.5767249476960744
