-10.0 1.5698586846726132
-9.797979797979798 -0.6197822602886572
-9.595959595959595 0.6812288820935102
-9.393939393939394 -0.6638101984867655
-9.191919191919192 0.5223633568131396
-8.98989898989899 0.6270931068013588
-8.787878787878787 0.11626886826487437
-8.585858585858587 -0.6384299060332719
-8.383838383838384 -0.08027934162126305
-8.181818181818182 -1.3996585724940545
-7.979797979797979 -0.4906425360733253
-7.777777777777778 0.07270426631432891
-7.575757575757576 -0.7683558603379533
-7.373737373737374 -0.348258888491214
-7.171717171717171 -0.28651883141678747
-6.96969696969697 -1.5241930015706666
-6.767676767676768 -0.8735991896653785
-6.565656565656566 0.7205841862790265
-6.363636363636363 1.0137836981818633
-6.161616161616162 -0.0686946863924295
-5.959595959595959 0.8739325431856504
-5.757575757575758 0.21890506751843675
-5.555555555555555 1.3152287697209357
-5.353535353535354 1.4691279410977989
-5.151515151515151 0.8115875594058706
-4.94949494949495 2.014035076840134
-4.747474747474747 1.329132985901063
-4.545454545454546 1.459131077617712
-4.343434343434343 0.017024109529641174
-4.141414141414142 1.2003359936026994
-3.9393939393939394 0.4933340539251887
-3.737373737373738 0.638784191557948
-3.5353535353535355 0.23898491273797318
-3.333333333333333 1.154035171727835
-3.1313131313131315 0.08157682504831948
-2.929292929292929 -0.8989137507355972
-2.7272727272727275 0.01478008569950695
-2.525252525252525 -0.5166794533604655
-2.3232323232323235 -0.08405587318422214
-2.121212121212121 0.15156027582068188
-1.9191919191919187 -0.13705065578001996
-1.717171717171718 -1.6099245236774906
-1.5151515151515156 -1.1597265651021997
-1.3131313131313131 -1.367368408261624
-1.1111111111111107 -1.5512449079986563
-0.9090909090909101 -0.670748696099134
-0.7070707070707076 -0.5565729471714116
-0.5050505050505052 0.4265642485527638
-0.30303030303030276 0.28875280451946334
-0.10101010101010033 -0.7717243383079948
0.10101010101010033 0.8046403008027575
0.30303030303030276 0.9592780306137894
0.5050505050505052 0.8578206346253772
0.7070707070707076 0.8608821815117762
0.9090909090909083 0.2639513721510205
1.1111111111111107 0.5155482665642778
1.3131313131313131 0.7880373868038987
1.5151515151515156 1.179620817017998
1.7171717171717162 0.009291316290346852
1.9191919191919187 0.11698394894655939
2.121212121212121 1.701011044597339
2.3232323232323235 1.7477796631149647
2.525252525252524 1.6223395655290804
2.7272727272727266 0.6967176399480626
2.929292929292929 0.3388524969528053
3.1313131313131315 -0.12336724973197849
3.333333333333334 -0.06645825100991887
3.5353535353535346 0.11386226988292675
3.737373737373737 -1.5795305795209693
3.9393939393939394 -1.1444486496371309
4.141414141414142 0.010830317604132
4.3434343434343425 -1.2242828868004156
4.545454545454545 -1.9143267052817725
4.747474747474747 -1.441908125065937
4.94949494949495 -1.0193061705060145
5.1515151515151505 0.12933566061683255
5.353535353535353 -0.8957799807402963
5.555555555555555 0.2967893024117103
5.757575757575758 0.46667636498919385
5.9595959595959584 0.06174287605162343
6.161616161616163 -1.1828279772940906
6.363636363636363 -0.8768982499094565
6.565656565656564 -0.5037007344762283
6.767676767676768 -0.2372557860593058
6.969696969696969 0.2678860936838694
7.171717171717173 1.2298389487807737
7.373737373737374 1.4241486051649321
7.575757575757574 -0.02750715096343337
7.777777777777779 1.6825774568360434
7.979797979797979 1.6944652810394134
8.18181818181818 2.0180627791709007
8.383838383838384 1.7826859179572547
8.585858585858585 1.8184284333928655
8.787878787878789 1.5057848644472052
8.98989898989899 0.977545559480697
9.19191919191919 -0.6590713262390717
9.393939393939394 -0.6230138165153131
9.595959595959595 -0.9871440830721034
9.7979797979798 -1.3943323721400789
10.0 -1.25583927455684
