-10.0 0.4276730782978686
-9.797979797979798 0.5048649736563249
-9.595959595959595 0.14684873651726513
-9.393939393939394 0.012085277714767587
-9.191919191919192 -0.38538580102979525
-8.98989898989899 -0.490525024262512
-8.787878787878787 -0.497595002248166
-8.585858585858587 -0.9371577647389995
-8.383838383838384 -0.817589361265633
-8.181818181818182 -1.013158502595017
-7.979797979797979 -1.0878259606970873
-7.777777777777778 -1.0957155706243944
-7.575757575757576 -0.8744753293712537
-7.373737373737374 -0.8414544247357489
-7.171717171717171 -0.884948679649983
-6.96969696969697 -0.6713805323778976
-6.767676767676768 -0.2700588896989825
-6.565656565656566 -0.18965389051259118
-6.363636363636363 -0.2688638218838788
-6.161616161616162 0.21363080253559324
-5.959595959595959 0.1825294012478585
-5.757575757575758 0.5408361449270758
-5.555555555555555 0.6465792681377314
-5.353535353535354 0.7999554719714812
-5.151515151515151 0.9268679778598461
-4.94949494949495 1.1563883836971998
-4.747474747474747 1.1569858526298347
-4.545454545454546 1.0697491167593352
-4.343434343434343 0.9744449356585241
-4.141414141414142 0.8331575828601006
-3.9393939393939394 0.6293638912068058
-3.737373737373738 0.6299741446571274
-3.5353535353535355 0.20959638991791257
-3.333333333333333 0.3522217487358043
-3.1313131313131315 0.11866962926594676
-2.929292929292929 -0.17397250314983667
-2.7272727272727275 -0.2059552460721264
-2.525252525252525 -0.42823463832825054
-2.3232323232323235 -0.533071780522276
-2.121212121212121 -0.6671467367999622
-1.9191919191919187 -0.7428279580151473
-1.717171717171718 -0.8022689743534104
-1.5151515151515156 -1.1926426847135365
-1.3131313131313131 -0.944242473926419
-1.1111111111111107 -0.8476856076939461
-0.9090909090909101 -0.744449272500448
-0.7070707070707076 -0.5257892841966038
-0.5050505050505052 -0.4133488939774581
-0.30303030303030276 -0.1843802314616001
-0.10101010101010033 0.02758680352974023
0.10101010101010033 -0.059478024406560734
0.30303030303030276 0.12054654337071158
0.5050505050505052 0.3298359428529971
0.7070707070707076 0.5819003367105174
0.9090909090909083 0.6446182685753136
1.1111111111111107 0.8295616301850834
1.3131313131313131 0.8333034961752903
1.5151515151515156 0.8201064351665275
1.7171717171717162 0.9092344039208945
1.9191919191919187 1.0503578056487983
2.121212121212121 0.8728312371529297
2.3232323232323235 0.5981470709422666
2.525252525252524 0.4282865151834905
2.7272727272727266 0.450314933185638
2.929292929292929 0.24644789863812935
3.1313131313131315 0.1902160133476652
3.333333333333334 -0.06781041710819241
3.5353535353535346 -0.5185327613518551
3.737373737373737 -0.430576266999865
3.9393939393939394 -0.7978154604542466
4.141414141414142 -0.7437696601166144
4.3434343434343425 -0.88696755190253
4.545454545454545 -0.9642584885069632
4.747474747474747 -1.0803884164111095
4.94949494949495 -1.096845615794037
5.1515151515151505 -0.9385394574262862
5.353535353535353 -0.8333706477854816
5.555555555555555 -0.5506198585411565
5.757575757575758 -0.35393778568321443
5.9595959595959584 -0.41509522001366594
6.161616161616163 0.008865689800354418
6.363636363636363 0.19241243201271224
6.565656565656564 0.39296860102351344
6.767676767676768 0.6649577973059306
6.969696969696969 0.7533842796010344
7.171717171717173 0.7367164994702768
7.373737373737374 0.9589909291212604
7.575757575757574 0.7659716222976374
7.777777777777779 0.8677506748683047
7.979797979797979 0.899615966031724
8.18181818181818 0.8798227792853006
8.383838383838384 0.8530581160773099
8.585858585858585 0.8572662459929019
8.787878787878789 0.5682992938818604
8.98989898989899 0.518855551968793
9.19191919191919 0.22377885280613666
9.393939393939394 0.1634614727531984
9.595959595959595 -0.2404681658115645
9.7979797979798 -0.3544262767767607
10.0 -0.5925271086326124
