-10.0 0.20326266488193556
-9.797979797979798 0.9524779983619451
-9.595959595959595 0.8016412578495553
-9.393939393939394 0.228159521080467
-9.191919191919192 -0.8021414208798723
-8.98989898989899 -0.6588111942831176
-8.787878787878787 0.26200266009619344
-8.585858585858587 -1.652309597717913
-8.383838383838384 -0.5653243982757321
-8.181818181818182 0.13547624381265488
-7.979797979797979 -1.2361405602122113
-7.777777777777778 0.05958885419982329
-7.575757575757576 -2.2274991754199203
-7.373737373737374 -0.26901506663041064
-7.171717171717171 -0.9928501484030816
-6.96969696969697 -1.958578162557885
-6.767676767676768 -0.9962756987873707
-6.565656565656566 -1.4635406098648998
-6.363636363636363 0.20578505733746605
-6.161616161616162 -0.8292609928451558
-5.959595959595959 -1.031712702326849
-5.757575757575758 -0.12035759073077912
-5.555555555555555 0.3277221272875437
-5.353535353535354 -0.5258761445125162
-5.151515151515151 0.24740964599661852
-4.94949494949495 0.10236972442609604
-4.747474747474747 0.9545516146805902
-4.545454545454546 1.7730563686124834
-4.343434343434343 -0.46640636044534967
-4.141414141414142 0.8402099206028255
-3.9393939393939394 -0.28639299902415494
-3.737373737373738 1.740073893026955
-3.5353535353535355 0.40998690688448924
-3.333333333333333 1.3896956921691355
-3.1313131313131315 0.5066602735386256
-2.929292929292929 1.0320285584230768
-2.7272727272727275 -0.7926546407500655
-2.525252525252525 -0.5176221587265011
-2.3232323232323235 -0.14639118649794247
-2.121212121212121 -1.9886619542326276
-1.9191919191919187 0.1322096100524499
-1.717171717171718 -1.0275455966509972
-1.5151515151515156 -1.1074783213109587
-1.3131313131313131 -2.3041678580606457
-1.1111111111111107 0.1278340515299745
-0.9090909090909101 0.30031861183783826
-0.7070707070707076 0.06422400694929298
-0.5050505050505052 -0.2945861083910069
-0.30303030303030276 -0.9959643969925223
-0.10101010101010033 0.7775238916263773
0.10101010101010033 0.8763117065075344
0.30303030303030276 -0.4222580761245522
0.5050505050505052 -0.24038423833654726
0.7070707070707076 -0.4300084638069124
0.9090909090909083 0.14273353186671622
1.1111111111111107 1.5025040944880015
1.3131313131313131 1.2486241808738048
1.5151515151515156 2.2310256499244945
1.7171717171717162 1.1847978991932653
1.9191919191919187 1.7190958571338992
2.121212121212121 -0.44185461755592936
2.3232323232323235 0.6178448295183047
2.525252525252524 -0.6404129257263822
2.7272727272727266 0.7472139460401412
2.929292929292929 1.2346647356916074
3.1313131313131315 0.08748076992180703
3.333333333333334 0.1296683681079921
3.5353535353535346 0.11757394161106655
3.737373737373737 -1.0374332685410144
3.9393939393939394 -1.5753328160064934
4.141414141414142 -0.9926560503100785
4.3434343434343425 -1.84620831572341
4.545454545454545 -1.2926314649050687
4.747474747474747 0.26755133371463413
4.94949494949495 -2.2143487999977194
5.1515151515151505 -0.33695428818533957
5.353535353535353 0.33676718722879284
5.555555555555555 0.28031582498440777
5.757575757575758 -0.9265120526061222
5.9595959595959584 0.442536175061345
6.161616161616163 -0.5142875112437169
6.363636363636363 -1.1720861872399675
6.565656565656564 -0.19243627167160654
6.767676767676768 1.7096756570864893
6.969696969696969 1.4895565754789928
7.171717171717173 1.1799025385039303
7.373737373737374 1.4864733680413016
7.575757575757574 1.8148191457395284
7.777777777777779 2.178567133720191
7.979797979797979 0.9691056671943072
8.18181818181818 0.7900782788243195
8.383838383838384 2.069696735007997
8.585858585858585 1.6114138767013935
8.787878787878789 0.2814858891753953
8.98989898989899 1.3086938248756717
9.19191919191919 -0.7741025783129868
9.393939393939394 -0.7512024316891879
9.595959595959595 -0.3543963049431295
9.7979797979798 0.6766100546484031
10.0 0.04880183998248877
