-10.0 0.7292144930449629
-9.797979797979798 0.2751636869939221
-9.595959595959595 -0.19949776860634244
-9.393939393939394 0.19602051216202193
-9.191919191919192 -0.598287043339939
-8.98989898989899 -0.20885536950911898
-8.787878787878787 -0.12829582080498508
-8.585858585858587 -0.677216400105674
-8.383838383838384 -1.155598924178321
-8.181818181818182 -1.1030662729604073
-7.979797979797979 -1.2633019529515102
-7.777777777777778 -1.076481252913827
-7.575757575757576 -0.570561674781656
-7.373737373737374 -0.5105447152500344
-7.171717171717171 -0.972423958098362
-6.96969696969697 -0.1889151431146791
-6.767676767676768 -0.28511253083705956
-6.565656565656566 -0.2706225243160898
-6.363636363636363 -0.4159647434173562
-6.161616161616162 0.2035912970650538
-5.959595959595959 0.3881798301673691
-5.757575757575758 0.16113539058265308
-5.555555555555555 0.4368792670559182
-5.353535353535354 0.8733899391053568
-5.151515151515151 0.9435277351475617
-4.94949494949495 1.181669640630369
-4.747474747474747 1.389590372320953
-4.545454545454546 1.3148608009216451
-4.343434343434343 1.0900337033047631
-4.141414141414142 0.710131175864775
-3.9393939393939394 0.9583095274742426
-3.737373737373738 0.6131408409650703
-3.5353535353535355 0.015097855503334534
-3.333333333333333 -0.17075846740618245
-3.1313131313131315 -0.3567115879882777
-2.929292929292929 0.09994602649737297
-2.7272727272727275 -0.7149905438934034
-2.525252525252525 -0.5044886949860976
-2.3232323232323235 -0.7230648508045898
-2.121212121212121 -0.5256333915365723
-1.9191919191919187 -0.5506457918936507
-1.717171717171718 -1.163173489953726
-1.5151515151515156 -0.9955883056781836
-1.3131313131313131 -1.4577392748833318
-1.1111111111111107 -1.3073252076341837
-0.9090909090909101 -0.5315092842723477
-0.7070707070707076 -0.423987583983682
-0.5050505050505052 -0.8391509551410572
-0.30303030303030276 0.0026612010427492505
-0.10101010101010033 -0.4724133585995603
0.10101010101010033 0.009241233945416219
0.30303030303030276 0.6339370708482781
0.5050505050505052 0.9468730845419059
0.7070707070707076 1.069988358800066
0.9090909090909083 0.6375886195823207
1.1111111111111107 1.1930688763719086
1.3131313131313131 0.5503371001562615
1.5151515151515156 1.0663252197446322
1.7171717171717162 1.2090667860972049
1.9191919191919187 1.2513558457239309
2.121212121212121 1.010466588026086
2.3232323232323235 0.48806474437926367
2.525252525252524 0.24870968197261245
2.7272727272727266 0.2907980497027151
2.929292929292929 -0.02895021201226991
3.1313131313131315 0.24474395712892016
3.333333333333334 -0.01640683664810555
3.5353535353535346 -0.6119112482493287
3.737373737373737 -0.22695340160243355
3.9393939393939394 -1.1618343450656807
4.141414141414142 -1.2170269054544374
4.3434343434343425 -0.8884580308154981
4.545454545454545 -0.6724458757153138
4.747474747474747 -1.1005242018125367
4.94949494949495 -0.9554497377614639
5.1515151515151505 -0.6549124622071771
5.353535353535353 -0.5092992550724162
5.555555555555555 -0.8274565590003173
5.757575757575758 -0.8811036341250497
5.9595959595959584 -0.6837176061402661
6.161616161616163 0.3076684318173079
6.363636363636363 0.2101466292092714
6.565656565656564 0.22776222927584155
6.767676767676768 0.12814151933899892
6.969696969696969 0.8690543307358491
7.171717171717173 0.5067931129578703
7.373737373737374 0.874395075113193
7.575757575757574 0.7153295587851562
7.777777777777779 0.763691394531467
7.979797979797979 1.4551403479675187
8.18181818181818 1.0197463735043948
8.383838383838384 0.8229614579766222
8.585858585858585 0.4617946149019221
8.787878787878789 0.460441175879548
8.98989898989899 0.24532229481061113
9.19191919191919 0.6530203200260641
9.393939393939394 -0.27526412604794787
9.595959595959595 -0.05532642557903089
9.7979797979798 -0.09285037356713866
10.0 -0.10496033058298165
