-5.7963051137659605 9.053917870675388 3.5193021131830466
5.332948992118283 2.5544662732064225 -3.97490949504607
3.0263243731732707 4.809947801750351 4.7851794205335425
-6.622082445548991 6.868072153104624 -2.140800860083756
-0.5410470994992238 5.398766846911617 -3.0692404387570376
1.6250774350130364 -7.043913403738036 -5.377402421659458
4.579469919323023 7.595652864871276 -5.760318538001828
6.013496799832847 7.741192399712407 4.02101795109488
3.735682273398295 8.508961697703548 1.5164189995059152
-1.7128109408112984 8.04418006543299 -3.3640541428998274
6.615934289379684 1.4900317524362414 -3.1221604924961395
2.464791855108693 -8.133480449493277 0.43612690483860617
-7.954723665308481 5.044773671042034 1.5856604677007027
2.244616880627717 -5.279174444299515 1.740939477250166
-5.073068413344375 -1.6918181224100408 -2.18020748849374
-2.245926099840627 8.349799996435113 1.1586131048171162
-3.55766200259652 -5.918407922313136 -2.026559593464758
-9.424909238240936 -4.369492424508605 -3.464485149118222
-3.358277425113738 6.891345566269525 -5.589282404666301
-5.232285711931802 6.853767043861939 -1.4734650604424973
-1.1429717234428765 -9.025843160427593 6.041846151211665
-7.598024122865851 -0.04133576512861481 -0.07089904424713514
-0.5580284002175713 -8.070762984677412 -2.7490537560392974
-1.7595274358503374 0.4372950836747904 -5.269816845610142
0.4762260731119632 9.606802119490705 5.176096679961254
1.205003441274421 -4.4149660756800095 2.574308944216196
7.639006310639946 -5.153064259041679 -1.3519624034183162
-4.014437333768283 3.2030367152894197 -0.24251579473784576
2.0254958405146724 5.021827978786813 -4.230296928561051
9.58442839478063 5.049010986943088 -2.0905071539420756
4.876766129613708 -9.310275869285473 2.687176559432943
0.9744432569608446 -9.777678980375653 -2.082781413037782
4.529216905744054 0.916847723340318 1.738857812464078
6.511707289384148 -3.7113128457048017 1.5831682454742735
-6.298126540496742 -7.555086088233343 -0.45258471928321314
9.197950154229147 9.72329771061301 -5.117405632326926
-3.0662773493276347 5.739650196356267 -4.91151773332083
6.8662149076370795 4.551121847640269 -6.122154855358725
7.632319401668891 -8.208578981041406 2.055059011441336
6.732988173395981 -8.50577163628996 -1.4884151627769329
-6.793384052410046 2.9376803988759264 1.222168137913154
-1.2523804318431822 3.327410714301905 -0.730604657101735
-9.379455435644019 7.201021071404906 -5.691501539668453
8.30179515892743 -6.235526404427727 -3.697821717269405
8.76220218215822 -0.4498468822872681 -5.272033524977415
3.336058107144641 0.4258229330483978 3.2785760679825637
8.849490045150201 6.550800277082832 -0.15752896950459563
-0.8918912306510016 -6.497331366320442 -2.551918801144342
-2.5243715759334817 -6.96032579207116 1.3802247353819304
6.1738444141317075 9.910519298106877 1.6192539185541877
-2.5990281771476864 1.5384180241546712 4.592117307478796
5.862226307205404 -8.990267798037017 1.9634264527871246
-4.551597837769563 1.3622831621615248 -0.25230587190021614
1.799484785131618 -6.39119264916129 -3.4681364647662254
0.42062126907354624 9.125768750549657 -4.0385583156862825
5.96608494878857 9.749305639488803 5.517128504734731
3.406804428895512 3.446791930952209 2.4232213595519
6.063856812931931 7.959598585425379 -0.27689420070123183
-1.022235584808655 -1.906743641152806 -2.824457135377066
3.7557395391943853 1.984537638191842 1.9741471141005775
4.276283558004064 -7.470820454729816 3.799607509343819
5.178215046706146 9.100901237627454 3.5586153693342575
8.980769872481787 7.120881772944369 -3.1566335136970074
5.720042167124328 -9.079254438101794 2.457407973816757
8.278356271790656 -6.960201774112749 1.47928444302572
4.05028828005654 -2.168090162214078 5.012326991277181
7.340573713112036 -7.700177572513425 0.6240496163819622
3.0162127629904507 9.553522526901755 0.3621653358002727
1.880639671161351 7.313178314105599 5.539827041424636
2.753674361856726 7.148169444356554 -4.858943621690781
9.895554296572215 5.313658243077233 -3.736476293778104
3.2026206088411016 7.428049558114726 -2.964260014115925
2.6606936029698396 1.8527396089499621 -1.3444081282187725
-0.5258206804699164 -0.26026940878698923 1.9484779422677958
-6.194359630955619 6.51020687934858 2.641149183169261
9.958952998013029 8.20331681584831 -4.415938316681259
-4.99637130894164 2.1972458070633376 1.2590621093243266
-7.584546482685579 -2.1638305451883237 1.2995618486265952
6.445182043014761 4.846171806791212 5.581839381719603
8.125498836554296 -1.5394609156824774 -3.023408359520702
-9.806232443262665 -7.182930153013702 2.6957880314966807
-4.968887960276398 4.684792950372588 -6.709677539384376
-9.732652441610341 -4.338010711269254 2.9053731548250306
-2.549494787989719 -9.788352647172562 -3.4207978285653113
-9.467586925363989 -7.002566751944716 -3.7114722489968988
7.317203733969247 -4.600584548322959 -2.365923387534817
-0.9161852409604254 5.178020931049893 -1.6406663835628923
6.332971741153049 -5.723754065688347 1.6707661181282492
-1.146397081449571 -7.364152915889585 -2.1745097365321397
0.6659159112764073 4.702378398998528 4.7320686836578885
6.9783747026569 1.8447400197517911 5.931355169142681
-3.8485048364247536 4.857472457891511 -3.47438952780487
-1.0637715821070124 5.32900496834535 -4.725729989681421
-7.624305831571374 4.431339091547775 5.165678129773355
6.159067815387978 3.120093516638409 -5.8503850621802025
4.536255877565091 6.580150031049207 4.141340829216513
5.473284912300132 6.02779580698618 4.0896995944821715
-4.556399927788705 -5.7932374264805375 2.3559459064914656
9.395042070103884 -6.30679492810663 5.716616414475676
-5.591217491592353 -5.580424510066528 -1.8502571295416606
