-5.7963051137659605 9.053917870675388 0.169564451859811
5.332948992118283 2.5544662732064225 -0.45068467338487905
3.0263243731732707 4.809947801750351 -0.11446629471226497
-6.622082445548991 6.868072153104624 -0.1835457537402923
-0.5410470994992238 5.398766846911617 0.3984026434634138
1.6250774350130364 -7.043913403738036 -0.688433552800926
4.579469919323023 7.595652864871276 -0.9582902165217341
6.013496799832847 7.741192399712407 -0.264738321458587
3.735682273398295 8.508961697703548 -0.44391901747682294
-1.7128109408112984 8.04418006543299 -0.9720811449726023
6.615934289379684 1.4900317524362414 0.32557770254217927
2.464791855108693 -8.133480449493277 -0.6019978045056232
-7.954723665308481 5.044773671042034 0.9404742308139438
2.244616880627717 -5.279174444299515 0.659250137217963
-5.073068413344375 -1.6918181224100408 -0.9288136730477303
-2.245926099840627 8.349799996435113 -0.6866226250697377
-3.55766200259652 -5.918407922313136 0.1441835314233457
-9.424909238240936 -4.369492424508605 0.00012363512011412823
-3.358277425113738 6.891345566269525 0.12283815004727917
-5.232285711931802 6.853767043861939 0.4687557020277873
-1.1429717234428765 -9.025843160427593 0.3534273579296558
-7.598024122865851 -0.04133576512861481 0.03997771375077927
-0.5580284002175713 -8.070762984677412 0.5171213195081027
-1.7595274358503374 0.4372950836747904 -0.4159707454933558
0.4762260731119632 9.606802119490705 -0.08298501946429503
1.205003441274421 -4.4149660756800095 0.8928400890509478
7.639006310639946 -5.153064259041679 0.8836445719364552
-4.014437333768283 3.2030367152894197 -0.047046376612677375
2.0254958405146724 5.021827978786813 -0.855723465852378
9.58442839478063 5.049010986943088 0.15005085826672174
4.876766129613708 -9.310275869285473 0.1127119903225461
0.9744432569608446 -9.777678980375653 0.28596354202452323
4.529216905744054 0.916847723340318 -0.7804102317514496
6.511707289384148 -3.7113128457048017 0.12219389103185023
-6.298126540496742 -7.555086088233343 0.01427824206041811
9.197950154229147 9.72329771061301 -0.06614077178188632
-3.0662773493276347 5.739650196356267 0.03891361612600972
6.8662149076370795 4.551121847640269 -0.5434118943086421
7.632319401668891 -8.208578981041406 -0.9148418829436451
6.732988173395981 -8.50577163628996 -0.3456561425994981
-6.793384052410046 2.9376803988759264 -0.09889202617233456
-1.2523804318431822 3.327410714301905 0.17546363012916572
-9.379455435644019 7.201021071404906 -0.035986842706617235
8.30179515892743 -6.235526404427727 0.042943282855755216
8.76220218215822 -0.4498468822872681 -0.26748408429066206
3.336058107144641 0.4258229330483978 -0.07982258155525981
8.849490045150201 6.550800277082832 0.14387123792291875
-0.8918912306510016 -6.497331366320442 0.16539057539069105
-2.5243715759334817 -6.96032579207116 0.3626389295541965
6.1738444141317075 9.910519298106877 0.05094568007156815
-2.5990281771476864 1.5384180241546712 -0.5160632455122266
5.862226307205404 -8.990267798037017 0.1720218817009161
-4.551597837769563 1.3622831621615248 0.9657201067991373
1.799484785131618 -6.39119264916129 -0.1049909150077985
0.42062126907354624 9.125768750549657 0.12028251434696283
5.96608494878857 9.749305639488803 0.09942498929460566
3.406804428895512 3.446791930952209 0.078760759758951
6.063856812931931 7.959598585425379 -0.2163618668970162
-1.022235584808655 -1.906743641152806 0.8055764639587206
3.7557395391943853 1.984537638191842 -0.5276383432669973
4.276283558004064 -7.470820454729816 0.8406780129230165
5.178215046706146 9.100901237627454 -0.2843354658549262
8.980769872481787 7.120881772944369 0.31920934464294876
5.720042167124328 -9.079254438101794 0.18080813781377725
8.278356271790656 -6.960201774112749 -0.5709001456167658
4.05028828005654 -2.168090162214078 0.6521470394794132
7.340573713112036 -7.700177572513425 -0.8607931187875146
3.0162127629904507 9.553522526901755 -0.016055281474243895
1.880639671161351 7.313178314105599 0.8164721376573878
2.753674361856726 7.148169444356554 0.28788967820350003
9.895554296572215 5.313658243077233 0.3740289576543926
3.2026206088411016 7.428049558114726 -0.055540861811096555
2.6606936029698396 1.8527396089499621 0.44431234543865145
-0.5258206804699164 -0.26026940878698923 0.1291653122945045
-6.194359630955619 6.51020687934858 0.019966294359547963
9.958952998013029 8.20331681584831 -0.4783798926313648
-4.99637130894164 2.1972458070633376 0.777666905757421
-7.584546482685579 -2.1638305451883237 0.7993306069603434
6.445182043014761 4.846171806791212 -0.1598479074717231
8.125498836554296 -1.5394609156824774 -0.9628921723981738
-9.806232443262665 -7.182930153013702 -0.2915506836814738
-4.968887960276398 4.684792950372588 -0.9669158080793341
-9.732652441610341 -4.338010711269254 0.28204416322714504
-2.549494787989719 -9.788352647172562 -0.19847120061037285
-9.467586925363989 -7.002566751944716 -0.028199047274933435
7.317203733969247 -4.600584548322959 0.85399531199839
-0.9161852409604254 5.178020931049893 0.7088300994666643
6.332971741153049 -5.723754065688347 0.026410957116357277
-1.146397081449571 -7.364152915889585 0.8041312682556233
0.6659159112764073 4.702378398998528 -0.6177486656342673
6.9783747026569 1.8447400197517911 0.6166464561580985
-3.8485048364247536 4.857472457891511 -0.6426653496082201
-1.0637715821070124 5.32900496834535 0.7132017142598865
-7.624305831571374 4.431339091547775 0.935535326880392
6.159067815387978 3.120093516638409 -0.0026613679653883747
4.536255877565091 6.580150031049207 -0.2880919191455905
5.473284912300132 6.02779580698618 0.18295373749507807
-4.556399927788705 -5.7932374264805375 0.4648662880408608
9.395042070103884 -6.30679492810663 -0.0007018844382082199
-5.591217491592353 -5.580424510066528 0.4123911558921677
