-10.0 -0.5293375675605834
-9.797979797979798 0.2528950901983591
-9.595959595959595 0.6726694407135847
-9.393939393939394 0.8263642963987987
-9.191919191919192 0.4114760949443899
-8.98989898989899 -0.5930780650070262
-8.787878787878787 -1.610516032701283
-8.585858585858587 -1.8569224157427273
-8.383838383838384 -1.9930968804659959
-8.181818181818182 -2.323062329552118
-7.979797979797979 -0.19781629480492158
-7.777777777777778 -0.1672587833484278
-7.575757575757576 0.5202214403237743
-7.373737373737374 -0.6670293371553425
-7.171717171717171 0.058164016050318956
-6.96969696969697 -0.071707138382053
-6.767676767676768 0.5568890969389853
-6.565656565656566 0.28308008069268037
-6.363636363636363 -0.48207658785883706
-6.161616161616162 -1.0857115533002357
-5.959595959595959 -0.5262332213851406
-5.757575757575758 0.8153811753278342
-5.555555555555555 1.0998203881199116
-5.353535353535354 -0.20054601300152175
-5.151515151515151 -0.5096864071328053
-4.94949494949495 2.0804812272979714
-4.747474747474747 2.0525553305143998
-4.545454545454546 2.4246812196469283
-4.343434343434343 0.03113459491100312
-4.141414141414142 1.1551868581108602
-3.9393939393939394 2.18958851860206
-3.737373737373738 0.06224760664314566
-3.5353535353535355 1.6084929203039806
-3.333333333333333 0.7399597670212882
-3.1313131313131315 0.9536562958500951
-2.929292929292929 -1.4066960695779298
-2.7272727272727275 -0.8323584735524853
-2.525252525252525 -1.40805599045436
-2.3232323232323235 -0.5565433229892359
-2.121212121212121 0.13950153181272051
-1.9191919191919187 0.44205804735448173
-1.717171717171718 -1.6529031242937542
-1.5151515151515156 0.1645267691148108
-1.3131313131313131 -0.9044586554090294
-1.1111111111111107 -2.3728961778301985
-0.9090909090909101 -0.52813312901584
-0.7070707070707076 -1.401488498332954
-0.5050505050505052 -0.9568670061938496
-0.30303030303030276 0.22992978621805332
-0.10101010101010033 -0.1663683757867898
0.10101010101010033 -1.2740583578197615
0.30303030303030276 0.40542558260644107
0.5050505050505052 -0.9171113507963236
0.7070707070707076 -0.39121250868537794
0.9090909090909083 0.023640837136303827
1.1111111111111107 2.054540147075161
1.3131313131313131 1.2310996035199104
1.5151515151515156 -0.3986478135479211
1.7171717171717162 0.8514446830844827
1.9191919191919187 -0.07123827796528825
2.121212121212121 1.7204688619989046
2.3232323232323235 -0.6617078793708603
2.525252525252524 1.3673186590980344
2.7272727272727266 1.4482843832883612
2.929292929292929 -0.03920010811540561
3.1313131313131315 -1.4184695621875745
3.333333333333334 -0.223677250542886
3.5353535353535346 -1.5120191857075682
3.737373737373737 0.19544688980343694
3.9393939393939394 -1.3295599497798223
4.141414141414142 0.14232449597287467
4.3434343434343425 -0.08055084336277896
4.545454545454545 0.23114458946244565
4.747474747474747 -1.262664090423132
4.94949494949495 -0.002185419002575517
5.1515151515151505 0.5565092591821499
5.353535353535353 -1.1180204210238749
5.555555555555555 0.4659981484714899
5.757575757575758 -0.40848536248247025
5.9595959595959584 -0.9004393732638921
6.161616161616163 -0.07036485626106302
6.363636363636363 -0.981168976108895
6.565656565656564 1.1360822449611676
6.767676767676768 1.3774129718953172
6.969696969696969 0.891622866784901
7.171717171717173 0.9159521181882118
7.373737373737374 1.3119266110892056
7.575757575757574 1.0270900319986485
7.777777777777779 1.763330982247227
7.979797979797979 1.655294381113557
8.18181818181818 0.26029722517194165
8.383838383838384 0.20617145504211098
8.585858585858585 -0.10917140824801141
8.787878787878789 0.9745338689927023
8.98989898989899 -0.09055827619248752
9.19191919191919 -0.030120289067498168
9.393939393939394 0.620511570586221
9.595959595959595 -1.3670689558196623
9.7979797979798 -1.3852752426994002
10.0 -1.4869170803670229
