-10.0 0.49065866218599025
-9.797979797979798 0.3158159318473003
-9.595959595959595 0.14288609078866862
-9.393939393939394 -0.02442513070410977
-9.191919191919192 -0.2738773360281621
-8.98989898989899 -0.4414404926384614
-8.787878787878787 -0.5829674554787597
-8.585858585858587 -0.8376067335833268
-8.383838383838384 -0.839601869838215
-8.181818181818182 -0.8810278825407055
-7.979797979797979 -0.9381563679292405
-7.777777777777778 -1.0922615961528772
-7.575757575757576 -0.8911707422146
-7.373737373737374 -0.9365594895801426
-7.171717171717171 -0.8146244726298606
-6.96969696969697 -0.5420910584782737
-6.767676767676768 -0.49689158634435615
-6.565656565656566 -0.2083991852660084
-6.363636363636363 -0.11875244564608652
-6.161616161616162 0.039159854848874395
-5.959595959595959 0.35052294692262
-5.757575757575758 0.41123158679957794
-5.555555555555555 0.6308374013478786
-5.353535353535354 0.8927220197017449
-5.151515151515151 0.9998077110000061
-4.94949494949495 1.020059761918826
-4.747474747474747 0.9890521159185263
-4.545454545454546 1.0139908864116802
-4.343434343434343 0.9212224340904768
-4.141414141414142 0.9088687888361698
-3.9393939393939394 0.6601171139370295
-3.737373737373738 0.6479019359066773
-3.5353535353535355 0.2846406990289249
-3.333333333333333 0.12915858390975146
-3.1313131313131315 -0.03874076854694025
-2.929292929292929 -0.2729754910927229
-2.7272727272727275 -0.4166477771977218
-2.525252525252525 -0.4821780432877105
-2.3232323232323235 -0.6475912582476204
-2.121212121212121 -0.7982758443269258
-1.9191919191919187 -0.92124587148443
-1.717171717171718 -0.9499403635471528
-1.5151515151515156 -0.9059020389450229
-1.3131313131313131 -0.9773995933347362
-1.1111111111111107 -0.9887699962696748
-0.9090909090909101 -0.7948114930204933
-0.7070707070707076 -0.745260020906294
-0.5050505050505052 -0.5436187568041259
-0.30303030303030276 -0.26443888646205727
-0.10101010101010033 -0.13081867774469758
0.10101010101010033 0.08101729859517971
0.30303030303030276 0.32598298235362577
0.5050505050505052 0.49606423913534026
0.7070707070707076 0.6303082617361168
0.9090909090909083 0.8254449752788746
1.1111111111111107 0.8910729453029742
1.3131313131313131 0.9371894913153733
1.5151515151515156 1.0436132804571148
1.7171717171717162 1.0566910270468006
1.9191919191919187 0.9107228653982627
2.121212121212121 0.7719214284442895
2.3232323232323235 0.7210442443745892
2.525252525252524 0.67718151895835
2.7272727272727266 0.4033712348195633
2.929292929292929 0.14467430549750124
3.1313131313131315 0.011799188883318306
3.333333333333334 -0.18732076468035502
3.5353535353535346 -0.3273246421049527
3.737373737373737 -0.5890506982960071
3.9393939393939394 -0.8044340913662469
4.141414141414142 -0.7498000355467158
4.3434343434343425 -1.0237749389868727
4.545454545454545 -1.038159351832961
4.747474747474747 -1.0911676840172109
4.94949494949495 -1.0252330597010209
5.1515151515151505 -0.9805379724232254
5.353535353535353 -0.7682056398615682
5.555555555555555 -0.6718323747325373
5.757575757575758 -0.5358822834916368
5.9595959595959584 -0.3519463627306123
6.161616161616163 -0.17206764141036926
6.363636363636363 0.10897230491443578
6.565656565656564 0.2901842359918576
6.767676767676768 0.555822732140409
6.969696969696969 0.6559836922049717
7.171717171717173 0.6782787115523966
7.373737373737374 0.8388737877135974
7.575757575757574 0.8675290209977605
7.777777777777779 1.0314298399239505
7.979797979797979 0.9272934648735561
8.18181818181818 1.0038570086627365
8.383838383838384 0.9242681188888957
8.585858585858585 0.7224520805258526
8.787878787878789 0.6859574666581058
8.98989898989899 0.4970609589631888
9.19191919191919 0.13749898748590245
9.393939393939394 -0.004367076537779447
9.595959595959595 -0.15968993480032886
9.7979797979798 -0.414787069814102
10.0 -0.5933316931690527
