-10.0 -0.12166984782581547
-9.797979797979798 0.2695443688402076
-9.595959595959595 0.04052364824787452
-9.393939393939394 0.6744428081324333
-9.191919191919192 -0.4481157655140144
-8.98989898989899 -0.4747467640476534
-8.787878787878787 -0.5211948255343721
-8.585858585858587 0.2492293561796851
-8.383838383838384 -1.1683908990761922
-8.181818181818182 -1.034289432721025
-7.979797979797979 -0.028423515871675575
-7.777777777777778 -1.428841337441856
-7.575757575757576 -0.09275751856390535
-7.373737373737374 -0.296929255717189
-7.171717171717171 -1.3479046647281065
-6.96969696969697 0.29047337564191467
-6.767676767676768 -1.2116871259113193
-6.565656565656566 -1.049593213156569
-6.363636363636363 0.6553291477615346
-6.161616161616162 -0.1834038960000598
-5.959595959595959 0.9254112341810705
-5.757575757575758 0.750478030989583
-5.555555555555555 0.6644636618277403
-5.353535353535354 -0.005554668984654176
-5.151515151515151 0.14543790630688203
-4.94949494949495 1.1183453135349186
-4.747474747474747 0.8272066733515365
-4.545454545454546 1.8062263050725544
-4.343434343434343 1.7303723895442804
-4.141414141414142 0.4687016151145228
-3.9393939393939394 1.0079425470921333
-3.737373737373738 0.21216346679084497
-3.5353535353535355 0.8264327989408239
-3.333333333333333 -0.7250444100344858
-3.1313131313131315 -0.8554226914417928
-2.929292929292929 -0.27408646365371225
-2.7272727272727275 -0.02663606120715878
-2.525252525252525 -0.9551309686623012
-2.3232323232323235 0.18417558601433348
-2.121212121212121 -1.1360476469448004
-1.9191919191919187 -1.8290725200450884
-1.717171717171718 -0.8552309826270584
-1.5151515151515156 -1.7495050169296265
-1.3131313131313131 -0.3685276671323119
-1.1111111111111107 -1.49884445934729
-0.9090909090909101 -0.1288394107449361
-0.7070707070707076 0.046050988546148086
-0.5050505050505052 -1.1521325097562622
-0.30303030303030276 -0.6171643417488797
-0.10101010101010033 -0.207449885149871
0.10101010101010033 -0.4514454213029086
0.30303030303030276 1.1329562973566956
0.5050505050505052 0.2722434618925938
0.7070707070707076 1.5786311152109067
0.9090909090909083 1.5171016292144945
1.1111111111111107 0.36908344880593313
1.3131313131313131 1.8977551567670063
1.5151515151515156 0.22547085726960414
1.7171717171717162 0.47884031231905555
1.9191919191919187 0.06523022254896049
2.121212121212121 -0.09850492644891995
2.3232323232323235 0.34672933172072706
2.525252525252524 1.0435716089452267
2.7272727272727266 1.118996183427171
2.929292929292929 0.16592913123425304
3.1313131313131315 -0.7526867565036446
3.333333333333334 0.7570588888213383
3.5353535353535346 -0.2050716504517524
3.737373737373737 0.433668923472904
3.9393939393939394 0.06329604303309144
4.141414141414142 -1.2865296492219787
4.3434343434343425 -0.8299546912598827
4.545454545454545 -0.4829871993386845
4.747474747474747 -0.3508720715204352
4.94949494949495 -1.2759254015966282
5.1515151515151505 -1.6176346578137937
5.353535353535353 -0.2860747220788069
5.555555555555555 -0.1344153461117349
5.757575757575758 0.03728589858082321
5.9595959595959584 -1.1498647668329969
6.161616161616163 0.08924073466108008
6.363636363636363 0.8420642465157544
6.565656565656564 0.7622522592703125
6.767676767676768 0.09549050303705947
6.969696969696969 -0.25143892956332625
7.171717171717173 0.6006620798644026
7.373737373737374 -0.0024944677988217867
7.575757575757574 0.9637304599087448
7.777777777777779 0.7878454331730296
7.979797979797979 0.64408775337232
8.18181818181818 1.1061609442539382
8.383838383838384 0.2971557662919948
8.585858585858585 1.3050185334124598
8.787878787878789 1.0322604673182338
8.98989898989899 0.618636479796927
9.19191919191919 0.46600281020560885
9.393939393939394 -0.17080055232314773
9.595959595959595 0.485359805859028
9.7979797979798 -0.3101648817294606
10.0 0.12658562895240533
