-5.7963051137659605 9.053917870675388 1.8564227364595902
5.332948992118283 2.5544662732064225 -1.1502757971901387
3.0263243731732707 4.809947801750351 -2.7337251859129
-6.622082445548991 6.868072153104624 -1.073202972976892
-0.5410470994992238 5.398766846911617 -2.509406287160502
1.6250774350130364 -7.043913403738036 0.5120906391696483
4.579469919323023 7.595652864871276 -3.2373418925889106
6.013496799832847 7.741192399712407 2.6719440816431197
3.735682273398295 8.508961697703548 -2.2792391355332127
-1.7128109408112984 8.04418006543299 0.4568570917564949
6.615934289379684 1.4900317524362414 0.8067950872036922
2.464791855108693 -8.133480449493277 -1.5943501558795798
-7.954723665308481 5.044773671042034 -1.0345528702153737
2.244616880627717 -5.279174444299515 -1.7338995353636673
-5.073068413344375 -1.6918181224100408 -1.8877643301455698
-2.245926099840627 8.349799996435113 -2.257761518797878
-3.55766200259652 -5.918407922313136 0.3407807917321475
-9.424909238240936 -4.369492424508605 -2.0547320425413496
-3.358277425113738 6.891345566269525 -1.3093329910841458
-5.232285711931802 6.853767043861939 -0.3865573702049065
-1.1429717234428765 -9.025843160427593 0.2644946917333539
-7.598024122865851 -0.04133576512861481 -0.07662411217675705
-0.5580284002175713 -8.070762984677412 0.39274112399708916
-1.7595274358503374 0.4372950836747904 -2.2539036748231216
0.4762260731119632 9.606802119490705 -1.8975243912668978
1.205003441274421 -4.4149660756800095 2.339100851421591
7.639006310639946 -5.153064259041679 3.604083344221973
-4.014437333768283 3.2030367152894197 1.4232161388108602
2.0254958405146724 5.021827978786813 -1.038925631644293
9.58442839478063 5.049010986943088 0.27982154082777666
4.876766129613708 -9.310275869285473 -0.9190213146693692
0.9744432569608446 -9.777678980375653 -1.8078238719693078
4.529216905744054 0.916847723340318 1.4372525475624294
6.511707289384148 -3.7113128457048017 0.5149223947754157
-6.298126540496742 -7.555086088233343 -2.2260546511314394
9.197950154229147 9.72329771061301 2.8662926697086295
-3.0662773493276347 5.739650196356267 -0.713133756878757
6.8662149076370795 4.551121847640269 -3.144420721866169
7.632319401668891 -8.208578981041406 -1.575255772122791
6.732988173395981 -8.50577163628996 1.988893928121475
-6.793384052410046 2.9376803988759264 -1.8203863471965784
-1.2523804318431822 3.327410714301905 -0.1822909486385746
-9.379455435644019 7.201021071404906 1.1811748041837142
8.30179515892743 -6.235526404427727 -2.620334669164289
8.76220218215822 -0.4498468822872681 0.8156896177577542
3.336058107144641 0.4258229330483978 2.198885287499726
8.849490045150201 6.550800277082832 -2.2887052520183264
-0.8918912306510016 -6.497331366320442 0.32663090311518417
-2.5243715759334817 -6.96032579207116 3.072648685557713
6.1738444141317075 9.910519298106877 -0.7547296592248587
-2.5990281771476864 1.5384180241546712 1.4868490004338408
5.862226307205404 -8.990267798037017 -0.5558554352225127
-4.551597837769563 1.3622831621615248 1.519457180668324
1.799484785131618 -6.39119264916129 -1.1507705820172418
0.42062126907354624 9.125768750549657 -2.0756007359075967
5.96608494878857 9.749305639488803 -1.3208592230741467
3.406804428895512 3.446791930952209 2.4240234781223364
6.063856812931931 7.959598585425379 0.23614907878915337
-1.022235584808655 -1.906743641152806 0.6639578242753386
3.7557395391943853 1.984537638191842 0.6621097932379556
4.276283558004064 -7.470820454729816 1.1501589491426754
5.178215046706146 9.100901237627454 0.4603533633968069
8.980769872481787 7.120881772944369 -1.3802208087168364
5.720042167124328 -9.079254438101794 0.8537134355000814
8.278356271790656 -6.960201774112749 -0.7302953414639114
4.05028828005654 -2.168090162214078 0.4651882815871716
7.340573713112036 -7.700177572513425 1.0365624668591384
3.0162127629904507 9.553522526901755 -1.6835075944955453
1.880639671161351 7.313178314105599 0.7733379957311266
2.753674361856726 7.148169444356554 3.0027693405712115
9.895554296572215 5.313658243077233 0.033668626910533184
3.2026206088411016 7.428049558114726 -2.671653287831321
2.6606936029698396 1.8527396089499621 -0.6884375264116442
-0.5258206804699164 -0.26026940878698923 -0.15901716839475583
-6.194359630955619 6.51020687934858 1.9269766640477983
9.958952998013029 8.20331681584831 -1.1104463217399667
-4.99637130894164 2.1972458070633376 1.0083950272446573
-7.584546482685579 -2.1638305451883237 1.3774288370946384
6.445182043014761 4.846171806791212 -1.2468920162977342
8.125498836554296 -1.5394609156824774 1.0036683711276055
-9.806232443262665 -7.182930153013702 -1.6137628415823682
-4.968887960276398 4.684792950372588 -0.19046907490280307
-9.732652441610341 -4.338010711269254 -1.609235301004236
-2.549494787989719 -9.788352647172562 1.4413565157289008
-9.467586925363989 -7.002566751944716 0.823919739825896
7.317203733969247 -4.600584548322959 -0.4061561568807538
-0.9161852409604254 5.178020931049893 1.0111529255978342
6.332971741153049 -5.723754065688347 2.5238094332467256
-1.146397081449571 -7.364152915889585 3.501287346172582
0.6659159112764073 4.702378398998528 -0.2637175627387104
6.9783747026569 1.8447400197517911 0.8118604349774959
-3.8485048364247536 4.857472457891511 -0.9937363686656949
-1.0637715821070124 5.32900496834535 -1.47655873549009
-7.624305831571374 4.431339091547775 -0.8625915791177977
6.159067815387978 3.120093516638409 0.6959378853614575
4.536255877565091 6.580150031049207 -2.2824552244418084
5.473284912300132 6.02779580698618 0.8868689416382682
-4.556399927788705 -5.7932374264805375 -1.0008044479405023
9.395042070103884 -6.30679492810663 2.2380312339451303
-5.591217491592353 -5.580424510066528 -1.509226747309961
