-5.7963051137659605 9.053917870675388 -3.5567454983334184
5.332948992118283 2.5544662732064225 5.553444672288636
3.0263243731732707 4.809947801750351 6.0354843246622645
-6.622082445548991 6.868072153104624 1.0992149856962976
-0.5410470994992238 5.398766846911617 4.233330824145223
1.6250774350130364 -7.043913403738036 5.484536137669719
4.579469919323023 7.595652864871276 -4.114628203414341
6.013496799832847 7.741192399712407 -8.643811396578755
3.735682273398295 8.508961697703548 1.2661703949681442
-1.7128109408112984 8.04418006543299 6.390399983006095
6.615934289379684 1.4900317524362414 2.3749560345832093
2.464791855108693 -8.133480449493277 -9.221833554446283
-7.954723665308481 5.044773671042034 9.687979378269937
2.244616880627717 -5.279174444299515 10.381768503866958
-5.073068413344375 -1.6918181224100408 -5.5631805844138995
-2.245926099840627 8.349799996435113 -10.016483391603433
-3.55766200259652 -5.918407922313136 6.1608278538658015
-9.424909238240936 -4.369492424508605 -10.627466564465115
-3.358277425113738 6.891345566269525 -10.42066580124978
-5.232285711931802 6.853767043861939 -6.114460702253157
-1.1429717234428765 -9.025843160427593 0.13951880218861507
-7.598024122865851 -0.04133576512861481 -3.52370800914315
-0.5580284002175713 -8.070762984677412 0.9252416319223343
-1.7595274358503374 0.4372950836747904 -7.600599514576644
0.4762260731119632 9.606802119490705 6.449782837480314
1.205003441274421 -4.4149660756800095 -8.254562454610536
7.639006310639946 -5.153064259041679 -3.1655582676307645
-4.014437333768283 3.2030367152894197 -7.275134045956149
2.0254958405146724 5.021827978786813 -6.02724879682988
9.58442839478063 5.049010986943088 4.74680951696538
4.876766129613708 -9.310275869285473 -7.712309259992051
0.9744432569608446 -9.777678980375653 6.378405975191489
4.529216905744054 0.916847723340318 -1.9908226659295687
6.511707289384148 -3.7113128457048017 -5.434406846316528
-6.298126540496742 -7.555086088233343 -1.985177115266002
9.197950154229147 9.72329771061301 -3.1518460471996876
-3.0662773493276347 5.739650196356267 -2.050496918384276
6.8662149076370795 4.551121847640269 6.419806192906991
7.632319401668891 -8.208578981041406 -5.601673793773705
6.732988173395981 -8.50577163628996 4.1231105724822505
-6.793384052410046 2.9376803988759264 -7.793980484667836
-1.2523804318431822 3.327410714301905 9.83364078642547
-9.379455435644019 7.201021071404906 10.762864812772513
8.30179515892743 -6.235526404427727 -5.266913441891432
8.76220218215822 -0.4498468822872681 3.6690873197179696
3.336058107144641 0.4258229330483978 5.369259830504073
8.849490045150201 6.550800277082832 -11.141666012808683
-0.8918912306510016 -6.497331366320442 -5.267157585296466
-2.5243715759334817 -6.96032579207116 -7.212464280471143
6.1738444141317075 9.910519298106877 0.07060484401272467
-2.5990281771476864 1.5384180241546712 -0.6155157852775944
5.862226307205404 -8.990267798037017 -1.3194990472693104
-4.551597837769563 1.3622831621615248 11.930066290910053
1.799484785131618 -6.39119264916129 -8.686216929416533
0.42062126907354624 9.125768750549657 -6.983738813883271
5.96608494878857 9.749305639488803 11.716050654730976
3.406804428895512 3.446791930952209 3.7201955853678603
6.063856812931931 7.959598585425379 -2.1252417570375366
-1.022235584808655 -1.906743641152806 3.883509362194772
3.7557395391943853 1.984537638191842 -5.242235771259353
4.276283558004064 -7.470820454729816 -0.05645543320431434
5.178215046706146 9.100901237627454 -3.3349966420646715
8.980769872481787 7.120881772944369 6.778167919837595
5.720042167124328 -9.079254438101794 1.2271950519356967
8.278356271790656 -6.960201774112749 -8.238451977164978
4.05028828005654 -2.168090162214078 -7.805283966728643
7.340573713112036 -7.700177572513425 -1.283100987906956
3.0162127629904507 9.553522526901755 -1.8015978140994762
1.880639671161351 7.313178314105599 -4.629878386109365
2.753674361856726 7.148169444356554 2.6866204351528977
9.895554296572215 5.313658243077233 -4.798807092339559
3.2026206088411016 7.428049558114726 3.0184785745722453
2.6606936029698396 1.8527396089499621 11.420000873136969
-0.5258206804699164 -0.26026940878698923 -0.270025110208917
-6.194359630955619 6.51020687934858 -9.125260696086913
9.958952998013029 8.20331681584831 7.5409482892046515
-4.99637130894164 2.1972458070633376 -7.675385255386232
-7.584546482685579 -2.1638305451883237 4.494724735958953
6.445182043014761 4.846171806791212 -8.250165701358279
8.125498836554296 -1.5394609156824774 4.448038509664322
-9.806232443262665 -7.182930153013702 -9.456281878270891
-4.968887960276398 4.684792950372588 8.241205033498092
-9.732652441610341 -4.338010711269254 -0.6817434793843673
-2.549494787989719 -9.788352647172562 -0.5371618075416493
-9.467586925363989 -7.002566751944716 -1.4344421754243852
7.317203733969247 -4.600584548322959 2.875919914337783
-0.9161852409604254 5.178020931049893 9.822929494024207
6.332971741153049 -5.723754065688347 -11.526423827943331
-1.146397081449571 -7.364152915889585 7.253159816374619
0.6659159112764073 4.702378398998528 11.069437178563692
6.9783747026569 1.8447400197517911 6.145992067978736
-3.8485048364247536 4.857472457891511 -10.612708246693863
-1.0637715821070124 5.32900496834535 10.684243721445695
-7.624305831571374 4.431339091547775 -7.061129052938566
6.159067815387978 3.120093516638409 -10.67202751592333
4.536255877565091 6.580150031049207 -1.3106372150492254
5.473284912300132 6.02779580698618 7.987663113881899
-4.556399927788705 -5.7932374264805375 -7.642134796828463
9.395042070103884 -6.30679492810663 -10.48888224135011
-5.591217491592353 -5.580424510066528 11.674155908638523
