-5.7963051137659605 9.053917870675388 -7.984466490164811
5.332948992118283 2.5544662732064225 -7.466961590449364
3.0263243731732707 4.809947801750351 -3.039611021868035
-6.622082445548991 6.868072153104624 3.6724028483658286
-0.5410470994992238 5.398766846911617 0.09034810414662853
1.6250774350130364 -7.043913403738036 -5.711567944901568
4.579469919323023 7.595652864871276 0.24953953745000101
6.013496799832847 7.741192399712407 6.229868609320386
3.735682273398295 8.508961697703548 -8.150976232708393
-1.7128109408112984 8.04418006543299 -1.5728838219679597
6.615934289379684 1.4900317524362414 8.271653891430434
2.464791855108693 -8.133480449493277 7.779258487223584
-7.954723665308481 5.044773671042034 1.6117085069609052
2.244616880627717 -5.279174444299515 9.86820753971636
-5.073068413344375 -1.6918181224100408 5.641558499631045
-2.245926099840627 8.349799996435113 5.281319703187677
-3.55766200259652 -5.918407922313136 -5.874059994097377
-9.424909238240936 -4.369492424508605 9.357990654393895
-3.358277425113738 6.891345566269525 -0.44899868627443607
-5.232285711931802 6.853767043861939 5.586518796919033
-1.1429717234428765 -9.025843160427593 3.1607363184108195
-7.598024122865851 -0.04133576512861481 -0.5173226808997264
-0.5580284002175713 -8.070762984677412 -7.031481811948417
-1.7595274358503374 0.4372950836747904 -4.418421165103862
0.4762260731119632 9.606802119490705 -3.480886716165039
1.205003441274421 -4.4149660756800095 5.102870939349689
7.639006310639946 -5.153064259041679 0.7751215137612733
-4.014437333768283 3.2030367152894197 9.238550540145633
2.0254958405146724 5.021827978786813 -7.387480485594832
9.58442839478063 5.049010986943088 2.398318529589165
4.876766129613708 -9.310275869285473 -4.818907944875832
0.9744432569608446 -9.777678980375653 7.680700722390597
4.529216905744054 0.916847723340318 -8.800351761391624
6.511707289384148 -3.7113128457048017 -7.623931449127722
-6.298126540496742 -7.555086088233343 -8.88398577387721
9.197950154229147 9.72329771061301 3.6689634226268177
-3.0662773493276347 5.739650196356267 -5.8556319119829165
6.8662149076370795 4.551121847640269 5.934820897066615
7.632319401668891 -8.208578981041406 7.116220050104688
6.732988173395981 -8.50577163628996 6.441798117576978
-6.793384052410046 2.9376803988759264 -1.4227750051501002
-1.2523804318431822 3.327410714301905 6.9195002802446215
-9.379455435644019 7.201021071404906 2.60468005084847
8.30179515892743 -6.235526404427727 -5.942063233869883
8.76220218215822 -0.4498468822872681 -0.09385100386293299
3.336058107144641 0.4258229330483978 -1.1363643580426224
8.849490045150201 6.550800277082832 -3.6695399981529135
-0.8918912306510016 -6.497331366320442 -7.195256139383602
-2.5243715759334817 -6.96032579207116 -3.920216498025484
6.1738444141317075 9.910519298106877 9.571378027221462
-2.5990281771476864 1.5384180241546712 6.485306895264831
5.862226307205404 -8.990267798037017 -5.227311174878664
-4.551597837769563 1.3622831621615248 9.508365299701989
1.799484785131618 -6.39119264916129 1.4704166962875733
0.42062126907354624 9.125768750549657 -7.29014594005092
5.96608494878857 9.749305639488803 3.817454860665531
3.406804428895512 3.446791930952209 -2.7110208688793227
6.063856812931931 7.959598585425379 -8.200816819856446
-1.022235584808655 -1.906743641152806 -3.3066125207383177
3.7557395391943853 1.984537638191842 2.5960762420828454
4.276283558004064 -7.470820454729816 -3.3779188448759654
5.178215046706146 9.100901237627454 -8.207130379751797
8.980769872481787 7.120881772944369 7.595063165159176
5.720042167124328 -9.079254438101794 -2.692601821889209
8.278356271790656 -6.960201774112749 8.622599411722305
4.05028828005654 -2.168090162214078 -9.000932360970667
7.340573713112036 -7.700177572513425 -0.7409447492619035
3.0162127629904507 9.553522526901755 -3.5416831911230653
1.880639671161351 7.313178314105599 -2.6338316301231526
2.753674361856726 7.148169444356554 -4.8001174252237995
9.895554296572215 5.313658243077233 6.361084644529949
3.2026206088411016 7.428049558114726 -6.140870655698704
2.6606936029698396 1.8527396089499621 7.530876411050435
-0.5258206804699164 -0.26026940878698923 -8.64896318599571
-6.194359630955619 6.51020687934858 5.481689995054995
9.958952998013029 8.20331681584831 -10.130209175979191
-4.99637130894164 2.1972458070633376 3.8380307674805927
-7.584546482685579 -2.1638305451883237 2.029322413484775
6.445182043014761 4.846171806791212 -6.1058864355251385
8.125498836554296 -1.5394609156824774 -5.208981002060399
-9.806232443262665 -7.182930153013702 -2.2547902147610626
-4.968887960276398 4.684792950372588 4.217315044466704
-9.732652441610341 -4.338010711269254 5.760924695751541
-2.549494787989719 -9.788352647172562 4.544303450437963
-9.467586925363989 -7.002566751944716 -4.834670953893897
7.317203733969247 -4.600584548322959 3.7481181513692166
-0.9161852409604254 5.178020931049893 -2.527920666709277
6.332971741153049 -5.723754065688347 0.5455256813547564
-1.146397081449571 -7.364152915889585 -3.960980861055822
0.6659159112764073 4.702378398998528 -6.092298084699442
6.9783747026569 1.8447400197517911 -6.024476985951536
-3.8485048364247536 4.857472457891511 -0.8783371104517842
-1.0637715821070124 5.32900496834535 5.23412458332704
-7.624305831571374 4.431339091547775 9.585961793103198
6.159067815387978 3.120093516638409 -9.785181562533179
4.536255877565091 6.580150031049207 4.168417094534077
5.473284912300132 6.02779580698618 -7.595526765014367
-4.556399927788705 -5.7932374264805375 -9.045151921920239
9.395042070103884 -6.30679492810663 5.387267213996943
-5.591217491592353 -5.580424510066528 7.377395864868248
