-10.0 0.09538225525591126
-9.797979797979798 0.7968192422398994
-9.595959595959595 0.0067253987405758164
-9.393939393939394 0.17414326475375175
-9.191919191919192 0.4456305003225714
-8.98989898989899 -0.5927368138744538
-8.787878787878787 0.06624100135779931
-8.585858585858587 -1.0259576773461652
-8.383838383838384 -1.1084902298021957
-8.181818181818182 -1.2993276250088859
-7.979797979797979 -0.46189197820185623
-7.777777777777778 -0.4470747941834943
-7.575757575757576 -0.9268371021655533
-7.373737373737374 -0.472685222777932
-7.171717171717171 -0.3528660429804189
-6.96969696969697 -0.4144325242098822
-6.767676767676768 0.07315070461713863
-6.565656565656566 0.44971578798466344
-6.363636363636363 0.3945470892908128
-6.161616161616162 0.6408337756863915
-5.959595959595959 -0.34889222087514465
-5.757575757575758 0.19014003182329975
-5.555555555555555 0.9753406442637
-5.353535353535354 0.26188678019811973
-5.151515151515151 1.4497628653069397
-4.94949494949495 0.9954209175859413
-4.747474747474747 1.2309910693469348
-4.545454545454546 0.8806150817760187
-4.343434343434343 1.5387492975002122
-4.141414141414142 0.13600616401527155
-3.9393939393939394 0.20404703546076353
-3.737373737373738 1.0803934649451366
-3.5353535353535355 0.8876326402180306
-3.333333333333333 -0.06291993935352935
-3.1313131313131315 0.434996785870902
-2.929292929292929 -0.6854445612983754
-2.7272727272727275 0.14712020623927924
-2.525252525252525 -0.9632756657295318
-2.3232323232323235 -0.5667096694924881
-2.121212121212121 -1.5682963860855914
-1.9191919191919187 -1.399202027169384
-1.717171717171718 -1.7238053399201951
-1.5151515151515156 -0.6994243179053855
-1.3131313131313131 -1.3563416008886744
-1.1111111111111107 -1.4720879858505815
-0.9090909090909101 0.09326309570990388
-0.7070707070707076 -0.4360926505810383
-0.5050505050505052 -0.9912833963123726
-0.30303030303030276 -0.6973979900581755
-0.10101010101010033 -0.13488269264774527
0.10101010101010033 0.909813055670673
0.30303030303030276 0.3407626883900792
0.5050505050505052 0.8310026123733849
0.7070707070707076 1.487651743027503
0.9090909090909083 1.2719050452131107
1.1111111111111107 1.1043168003879946
1.3131313131313131 1.8230213424717379
1.5151515151515156 1.505988811885112
1.7171717171717162 1.344413626676746
1.9191919191919187 0.7505316388286722
2.121212121212121 0.23532813999813718
2.3232323232323235 1.111160318774159
2.525252525252524 0.9361097717023652
2.7272727272727266 -0.41554268656011034
2.929292929292929 -0.280535423172414
3.1313131313131315 0.7203097445080493
3.333333333333334 0.5627641899378814
3.5353535353535346 -0.10088313209784588
3.737373737373737 -0.8704120165913071
3.9393939393939394 -1.5018877057626705
4.141414141414142 -0.49162630797946405
4.3434343434343425 -0.3796365275858856
4.545454545454545 -1.201072005664564
4.747474747474747 -0.8864784049717501
4.94949494949495 -0.3053367821930163
5.1515151515151505 -0.1972327515086505
5.353535353535353 -1.0906535256092287
5.555555555555555 -1.099903700665016
5.757575757575758 0.35008405735648584
5.9595959595959584 0.02031674997760491
6.161616161616163 0.6155802549558416
6.363636363636363 -0.41768496083890566
6.565656565656564 0.15018128479315146
6.767676767676768 0.4372951780962107
6.969696969696969 0.8532745812427752
7.171717171717173 -0.07485638462610877
7.373737373737374 1.4445945762921948
7.575757575757574 0.7083285980205838
7.777777777777779 1.2488320943457847
7.979797979797979 0.1846790649133867
8.18181818181818 1.1129729102928605
8.383838383838384 1.3474889006337911
8.585858585858585 1.5834768895198308
8.787878787878789 0.7784102191418167
8.98989898989899 -0.16370502588447194
9.19191919191919 0.6116354370878906
9.393939393939394 -0.2118720817188564
9.595959595959595 0.4067511881866657
9.7979797979798 0.08183935860259156
10.0 -1.0092511531121886
