-5.7963051137659605 9.053917870675388 3.5405382636189557
5.332948992118283 2.5544662732064225 2.610180039936699
3.0263243731732707 4.809947801750351 10.14995450653665
-6.622082445548991 6.868072153104624 -3.447985761156126
-0.5410470994992238 5.398766846911617 1.6428789697663404
1.6250774350130364 -7.043913403738036 0.7238298005349868
4.579469919323023 7.595652864871276 10.122436059617552
6.013496799832847 7.741192399712407 10.249745751794093
3.735682273398295 8.508961697703548 3.185047812034904
-1.7128109408112984 8.04418006543299 -13.568061934065986
6.615934289379684 1.4900317524362414 -4.132680014615546
2.464791855108693 -8.133480449493277 7.636553053181648
-7.954723665308481 5.044773671042034 0.6475697439437249
2.244616880627717 -5.279174444299515 9.875715722487259
-5.073068413344375 -1.6918181224100408 -0.10188318677984132
-2.245926099840627 8.349799996435113 0.07135860468107535
-3.55766200259652 -5.918407922313136 -4.002009893942108
-9.424909238240936 -4.369492424508605 8.34462888284746
-3.358277425113738 6.891345566269525 8.386632263885927
-5.232285711931802 6.853767043861939 12.383898481705753
-1.1429717234428765 -9.025843160427593 -2.896049031885653
-7.598024122865851 -0.04133576512861481 -4.230583911052082
-0.5580284002175713 -8.070762984677412 -6.394213103710423
-1.7595274358503374 0.4372950836747904 -9.558567241781205
0.4762260731119632 9.606802119490705 -3.5461787141024876
1.205003441274421 -4.4149660756800095 -7.778936393295391
7.639006310639946 -5.153064259041679 1.4897608848351063
-4.014437333768283 3.2030367152894197 -8.484937638768258
2.0254958405146724 5.021827978786813 -12.219823017279401
9.58442839478063 5.049010986943088 -5.426679593499375
4.876766129613708 -9.310275869285473 5.692278714631107
0.9744432569608446 -9.777678980375653 8.928428071119047
4.529216905744054 0.916847723340318 7.531728099485038
6.511707289384148 -3.7113128457048017 -3.8739286497325693
-6.298126540496742 -7.555086088233343 -7.455728659627648
9.197950154229147 9.72329771061301 -2.4949027368125583
-3.0662773493276347 5.739650196356267 -7.395483426025858
6.8662149076370795 4.551121847640269 -4.786278580286401
7.632319401668891 -8.208578981041406 -8.872907710893955
6.732988173395981 -8.50577163628996 4.332733351280256
-6.793384052410046 2.9376803988759264 -2.1583104489642313
-1.2523804318431822 3.327410714301905 -6.363433650057749
-9.379455435644019 7.201021071404906 0.8271829621565874
8.30179515892743 -6.235526404427727 -2.8506183514573893
8.76220218215822 -0.4498468822872681 -2.3350637120584716
3.336058107144641 0.4258229330483978 -0.4268453809018282
8.849490045150201 6.550800277082832 -2.4790359327476414
-0.8918912306510016 -6.497331366320442 -7.1877874127274275
-2.5243715759334817 -6.96032579207116 -3.889806260100081
6.1738444141317075 9.910519298106877 -4.550098848586987
-2.5990281771476864 1.5384180241546712 -1.3646696212860245
5.862226307205404 -8.990267798037017 0.7721269938407327
-4.551597837769563 1.3622831621615248 -3.3477255019131946
1.799484785131618 -6.39119264916129 -1.482274297628072
0.42062126907354624 9.125768750549657 9.88748496758689
5.96608494878857 9.749305639488803 7.342537825825732
3.406804428895512 3.446791930952209 -7.230384772506561
6.063856812931931 7.959598585425379 -3.4528453137296937
-1.022235584808655 -1.906743641152806 -0.8633306728118484
3.7557395391943853 1.984537638191842 -9.315445924858293
4.276283558004064 -7.470820454729816 -2.3722700430999484
5.178215046706146 9.100901237627454 -6.747528133962014
8.980769872481787 7.120881772944369 4.4193169161793096
5.720042167124328 -9.079254438101794 12.5820174804161
8.278356271790656 -6.960201774112749 5.644487615306034
4.05028828005654 -2.168090162214078 -5.187669096282284
7.340573713112036 -7.700177572513425 -11.515197240353288
3.0162127629904507 9.553522526901755 8.266614576117936
1.880639671161351 7.313178314105599 12.6888353937082
2.753674361856726 7.148169444356554 -11.483121308815628
9.895554296572215 5.313658243077233 -4.729302001556622
3.2026206088411016 7.428049558114726 11.666142500324836
2.6606936029698396 1.8527396089499621 5.184911460543428
-0.5258206804699164 -0.26026940878698923 -4.316542132594443
-6.194359630955619 6.51020687934858 9.320287062648918
9.958952998013029 8.20331681584831 4.795752452756556
-4.99637130894164 2.1972458070633376 5.78027897647784
-7.584546482685579 -2.1638305451883237 -7.484158850010856
6.445182043014761 4.846171806791212 4.217967130881868
8.125498836554296 -1.5394609156824774 10.699514045743944
-9.806232443262665 -7.182930153013702 7.5650364263554115
-4.968887960276398 4.684792950372588 -0.16213665136539457
-9.732652441610341 -4.338010711269254 -11.975905236488025
-2.549494787989719 -9.788352647172562 12.209991068491213
-9.467586925363989 -7.002566751944716 3.4998745360272774
7.317203733969247 -4.600584548322959 3.2262105466093454
-0.9161852409604254 5.178020931049893 -6.710948484550578
6.332971741153049 -5.723754065688347 -5.795475775685403
-1.146397081449571 -7.364152915889585 -4.319935591793188
0.6659159112764073 4.702378398998528 11.239417775070025
6.9783747026569 1.8447400197517911 6.584843286564282
-3.8485048364247536 4.857472457891511 -3.5890708835671243
-1.0637715821070124 5.32900496834535 7.370531319377619
-7.624305831571374 4.431339091547775 10.572992578444435
6.159067815387978 3.120093516638409 0.9872405314895467
4.536255877565091 6.580150031049207 -12.98566229605347
5.473284912300132 6.02779580698618 -5.423621523662172
-4.556399927788705 -5.7932374264805375 -0.5789321845968431
9.395042070103884 -6.30679492810663 -12.391601232579788
-5.591217491592353 -5.580424510066528 -3.904110910046079
